0.999962642503847587
0.999858333580793457
0.999691586069638261
0.999453159182303930
0.999142835220547476
0.998768731572638568
0.998328263362849300
0.997816281059413557
0.997236288917627500
0.996590958812250571
0.995878281228789186
0.995097159966646938
0.994247807539750617
0.993332550081964749
0.992352768339667457
0.991304379308768802
0.990186964725967012
0.989007423834986077
0.987763983590990824
0.986449646934920654
0.985070208794510793
0.983631818483874265
0.982126228643032451
0.980551625736069798
0.978917643119418202
0.977222859797846954
0.975459930816236831
0.973633903014402002
0.971749785196931448
0.969802721766283904
