0.999981562425361847
0.999928437066693876
0.999842404599552204
0.999720875097445116
0.999562658056670994
0.999370625568776427
0.999145468624559996
0.998884270656250850
0.998587017397466692
0.998256722835494048
0.997892926293470151
0.997492841918899864
0.997057646592052316
0.996590078925284395
0.996088556711811735
0.995550883414629051
0.994979296797612767
0.994375731098349314
0.993737869633218862
0.993064430051175506
0.992358300721242426
0.991620439786983554
0.990848085947506951
0.990041107012660571
0.989202664552052635
0.988332550751854111
0.987428044132310556
0.986490244196448485
0.985522050230987490
0.984522132960958252
