0.999966445735389398
0.999899542226471816
0.999801143786531954
0.999668583729043991
0.999500600006293038
0.999300157932564104
0.999068003182547959
0.998801038547102116
0.998499301585907939
0.998165943548596446
0.997800405358370224
0.997399745370113000
0.996965313115386942
0.996499898595271327
0.996001744484859786
0.995468592456151380
0.994902876563392824
0.994306526416721459
0.993676961301626305
0.993012985625734923
0.992317688512815210
0.991591825052320242
0.990832461872027004
0.990039709451668304
0.989216770851311766
0.988363183108496579
0.987476136214163080
0.986557020700470133
0.985608684508830657
0.984629487772704204
