0.999956633506836501
0.999879909690628454
0.999771668664950375
0.999629242087923808
0.999451449258411562
0.999241215299619734
0.998999197986782494
0.998722393216010640
0.998410898507000710
0.998067756951637186
0.997692374208245081
0.997281963440126540
0.996837810958754900
0.996362641772480240
0.995854691100116152
0.995311882973683670
0.994736479766340276
0.994130419621129358
0.993491164075885558
0.992817551465832282
0.992112658679474291
0.991377181657337680
0.990608206736622532
0.989805944234450452
0.988973499967566450
0.988110350671528193
0.987213823613399821
0.986285299495025192
0.985327502767764152
0.984338826006469714
