0.999961613884733480
0.999857483746307341
0.999691893597168590
0.999451690530596792
0.999140864727882660
0.998769126446434563
0.998327156230249368
0.997812675514348602
0.997235205546265657
0.996590459610065760
0.995874011465076370
0.995093455003505434
0.994246483067153686
0.993328413725550474
0.992346852781272215
0.991300572756674936
0.990182208573630485
0.989000229245585283
0.987757435929174976
0.986442634924856621
0.985061361471144092
0.983622997143223099
0.982116385887622290
0.980539573608540382
0.978906083202192079
0.977210419532949515
0.975443841356279040
0.973617736988436677
0.971734219494307938
0.969782778867554263
