0.996147065673825605
0.996257917435333318
0.996365810599039392
0.996470756725869378
0.996572742267723743
0.996671837887202150
0.996768043390282577
0.996861383894208308
0.996951880527905954
0.997039589217512234
0.997124520734714026
0.997206716711052543
0.997286248068535719
0.997363082947905988
0.997437355351126986
0.997509050509288397
0.997578255111440271
0.997644966370749287
0.997709312642144575
0.997771281380892883
0.997830986547171173
0.997888469141980705
0.997943727078834719
0.997996918441864223
0.998048053086501574
0.998097189423091447
0.998144395421455721
0.998189768064389971
0.998233344839670966
0.998275180193844758
0.998315362641972959
0.998353929282986940
0.998390991745307099
0.998426579203851139
0.998460779133966692
0.998493629805768945
0.998525204579841619
0.998555581953539328
0.998584829537617402
0.998612961037874003
0.998640063173196091
0.998666200739920518
0.998691402958726826
0.998715762881650648
0.998739306546598149
0.998762099410944182
0.998784138305219726
0.998805537772433971
0.998826314062079224
0.998846471768954247
0.998866097028156985
0.998885205042793323
0.998903840416674682
0.998921994494776144
0.998939752534834913
0.998957079442449269
0.998974020903094173
0.998990578126470630
0.999006818971251098
0.999022678909255668
0.999038195663567774
0.999053394495948432
0.999068248335008735
0.999082776736902711
0.999096958099627619
0.999110779910311941
0.999124232344625884
0.999137298501049265
0.999149990700296420
0.999162251864779027
0.999174048117853153
0.999185392987391729
0.999196229615301634
0.999206547142923673
0.999216294131331506
0.999225460546104394
0.999233969415310064
0.999241799823126997
0.999248896369853923
0.999255255960881494
0.999260796402911322
0.999265468571531756
0.999269264292118042
0.999272115481577017
0.999273944323330388
0.999274732061896320
0.999274435177308629
0.999272991101147534
0.999270358754581700
0.999266491536133672
0.999261359394065463
0.999254874181192854
0.999247032965983384
0.999237777751935563
0.999227036682673653
0.999214825873610324
0.999201065474316641
0.999185754965142281
0.999168870705905765
0.999150333450531170
0.999130180739531748
0.999108354679909327
0.999084811954277563
0.999059598738269772
0.999032684775412627
0.999004058816601370
0.998973722851346557
0.998941665544399449
0.998907922468572851
0.998872500469538238
0.998835433230350844
0.998796699242653352
0.998756369593366111
0.998714459733963333
0.998671015347674884
0.998626107778763372
0.998579749695066132
0.998532008106828961
0.998482953067838630
0.998432657431393866
0.998381187957990579
0.998328614835879868
0.998275063120877215
0.998220540241583465
0.998165213683210206
0.998109151662099126
0.998052478958441514
0.997995270292809322
0.997937633409575642
0.997879738061493882
0.997821662227564521
0.997763522137187664
0.997705457956705510
0.997647609903080990
0.997590112536419826
0.997533060839183694
0.997476608045781865
0.997420908600309741
0.997366071027907086
0.997312256404085828
0.997259593614662987
0.997208196337691422
0.997158239189320117
0.997109832867188350
0.997063127133079208
0.997018234315541818
0.996975287826639467
0.996934414207800379
0.996895762369058969
0.996859404833156715
0.996825458594977842
0.996794054278191344
0.996765283743940023
0.996739272963021006
0.996716043686557085
0.996695720391173712
0.996678401581573281
0.996664124828578801
0.996652956849855998
0.996644953756617213
0.996640149555511279
0.996638619610109577
0.996640321566904963
0.996645343014851193
0.996653661718297168
0.996665282101352745
0.996680162772404232
0.996698349340801037
0.996719752817816329
0.996744370450720618
0.996772125289243194
0.996803002560385676
0.996836907681127204
0.996873735808715411
0.996913465286221823
0.996955945299153323
0.997001106210860244
0.997048805358463297
0.997098974444875163
0.997151463090036438
0.997206122940305084
0.997262835516514290
0.997321435968700265
0.997381795590073228
0.997443752985624155
0.997507127996258181
0.997571806750485401
0.997637553323732384
0.997704281332756571
0.997771732026321190
0.997839780462899339
0.997908255385532295
0.997976997908202934
0.998045802487647848
0.998114528748910601
0.998183024386163353
0.998251096413039107
0.998318586855284407
0.998385355013859388
0.998451249632271831
0.998516128937856351
0.998579878623858774
0.998642318111995331
0.998703369781244410
0.998762918210760353
0.998820847756132002
0.998877076464035341
0.998931511871826383
0.998984077845827656
0.999034672513796962
0.999083337429418905
0.999129914404158104
0.999174448072689403
0.999216893590038180
0.999257227907582979
0.999295478489740985
0.999331611467685343
0.999365634947033454
0.999397603995004657
0.999427562430909688
0.999455543140181257
0.999481609297152018
0.999505814200287501
0.999528237630358807
0.999548921265199897
0.999567974423983596
0.999585464768405818
0.999601499424052298
0.999616158861314386
0.999629549124184225
0.999641781339144608
0.999652906942034902
0.999663076390645666
0.999672348513701126
0.999680861507949214
0.999688668864721186
0.999695901406373544
0.999702601393086199
0.999708873961140720
0.999714808206401351
0.999720432714958696
0.999725836322062689
0.999731069960556162
0.999736177612981836
0.999741203687791180
0.999746173250085302
0.999751106827724279
0.999756015796182340
0.999760884431118546
0.999765712722193611
0.999770492054003257
0.999775167950593624
0.999779728870224593
0.999784136070173468
0.999788305121146359
0.999792184278262108
0.999795732959518180
0.999798850072162626
0.999801444429483044
0.999803453886120019
0.999804809328813437
0.999805393668144915
0.999805141605792924
0.999803948133916376
0.999801728236692888
0.999798402550789334
0.999793883520404214
0.999788118501089396
0.999781019603548260
0.999772539726638043
0.999762596830385264
0.999751205690481926
0.999738261935940287
0.999723801179972282
0.999707836949103035
0.999690337298903997
0.999671321341447094
0.999650834087322360
0.999628937472840984
0.999605716129812416
0.999581208625500595
0.999555549776743879
0.999528834205448802
0.999501184132930320
0.999472769340061795
0.999443725184740894
0.999414205581717452
0.999384435224714540
0.999354520738091834
0.999324741196092381
0.999295210226463060
0.999266228118105948
0.999237931134833279
0.999210567440218744
0.999184298662640469
0.999159392435477245
0.999136006300684998
0.999114374499103675
0.999094630516291327
0.999076959363505046
0.999061534397629569
0.999048492904710095
0.999037981498555938
0.999030068051210196
0.999024860464952091
0.999022423665754888
0.999022803837766427
0.999026024845668492
0.999032083261964243
0.999040944247769014
0.999052541403874783
0.999066841906531611
0.999083700861824631
0.999103045297227377
0.999124685496925569
0.999148484912166346
0.999174274915022642
0.999201840970522004
0.999230926095570404
0.999261398345991481
0.999292928260832602
0.999325355157963391
0.999358368726949498
0.999391775080604949
0.999425293356062450
0.999458703953226890
0.999491737556648663
0.999524236286373657
0.999555913032154297
0.999586618789081394
0.999616182227605621
0.999644414589236363
0.999671201542020715
0.999696406557352146
0.999719982917739891
0.999741809964610817
0.999761890183174406
0.999780184852284370
0.999796713127729109
0.999811512206475239
0.999824611849602918
0.999836115024905769
0.999846108492578267
0.999854727199584459
0.999862022539103279
0.999868192143167467
0.999873325916119993
0.999877611181386627
0.999881166786429576
0.999884141648486269
0.999886696923919072
0.999888904389689026
0.999890924619996180
0.999892802702381678
0.999894675340529671
0.999896577179727242
0.999898556673271766
0.999900635682750449
0.999902796080744727
0.999904999710924614
0.999907222952502894
0.999909399846927838
0.999911417405147440
0.999913198212421084
0.999914599274410509
0.999915508425206712
0.999915783788091872
0.999915309336766200
0.999913907643220190
0.999911489852780333
0.999907913897397416
0.999903098005201607
0.999896941834284791
0.999889386339661512
0.999880414746027624
0.999869986021503898
0.999858186583160946
0.999845014292250145
0.999830603172594312
0.999815097522532836
0.999798635185437212
0.999781399752860622
0.999763624618696056
0.999745595516477015
0.999727533363866550
0.999709771427468419
0.999692537162758632
0.999676181012482012
0.999660992193368902
0.999647229129919768
0.999635186970643241
0.999625068404363493
0.999617117818968004
0.999611487277744848
0.999608326570513461
0.999607703647896528
0.999609656776448530
0.999614181863968554
0.999621215420510634
0.999630646234164089
0.999642267426647524
0.999655931437471668
0.999671341463847951
0.999688254749836247
0.999706347386826732
0.999725304531596137
0.999744734895104625
0.999764374445555548
0.999783841692355235
0.999802830331974368
0.999821073787291792
0.999838316488496970
0.999854317697145056
0.999868935676571202
0.999882022259899195
0.999893540200152309
0.999903452690847017
0.999911774578231549
0.999918599151854881
0.999924034315882171
0.999928243362010805
0.999931379971627954
0.999933650272012309
0.999935267457626620
0.999936399059067726
0.999937242709017404
0.999937972807501629
0.999938687306142882
0.999939518080928069
0.999940456729091376
0.999941584387850968
0.999942767382140607
0.999944025476764420
0.999945153901843131
0.999946032422571851
0.999946478135612438
0.999946295435246046
0.999945304888808395
0.999943322921069688
0.999940145361707278
0.999935733791310732
0.999929954160353685
0.999922799501083870
0.999914333879248218
0.999904647424634696
0.999893949488451672
0.999882470969498560
0.999870493097706814
0.999858363574194997
0.999846514877559378
0.999835296176594834
0.999825141524287919
0.999816347060762944
0.999809340953434211
0.999804374324889555
0.999801664854734207
0.999801342743941834
0.999803451979130675
0.999807893804729786
0.999814549742631620
0.999823174771941048
0.999833438579866951
0.999844971150061990
0.999857344313285767
0.999870110631627562
0.999882806206077057
0.999895050992660850
0.999906479645155555
0.999916755695891890
0.999925729176314060
0.999933197784503069
0.999939141856249991
0.999943679079847714
0.999946895901284716
0.999949016503983268
0.999950270793204643
0.999950902173914580
0.999951223517332011
0.999951407071330900
0.999951659196670173
0.999952049071196836
0.999952641604875847
0.999953346747659455
0.999954029235702202
0.999954540519874535
0.999954567087314339
0.999953858339640012
0.999952228677768562
0.999949444544914079
0.999945335948026925
0.999939910223542561
0.999933267812003868
0.999925589979657747
0.999917169665481831
0.999908465370797361
0.999899921719187401
0.999892068669715695
0.999885416342636391
0.999880420402858627
0.999877420046912269
0.999876659418348357
0.999878196921022866
0.999881946088853168
0.999887662889505813
0.999894969355735852
0.999903325081852645
0.999912173085118150
0.999921000273122140
0.999929267896779717
0.999936528014246373
0.999942515343304361
0.999947056205805929
0.999950229157355763
0.999952125296075356
0.999953080746223466
0.999953334490275680
0.999953305569921347
0.999953225373818477
0.999953287289517601
0.999953558201646331
0.999953938987569568
0.999954257866267127
0.999954173888097819
0.999953380334947628
0.999951572789396947
0.999948525058367843
0.999944210538027178
0.999938728760417450
0.999932441027036822
0.999925809042435221
0.999919458647987480
0.999914021039626566
0.999910081496816705
0.999908140567639214
0.999908363436704084
0.999910784557267673
0.999915061236986924
0.999920747592955350
0.999927127524612325
0.999933540226429329
0.999939337183100685
0.999944030178964383
0.999947367793130093
0.999949366039452281
0.999950237459487412
0.999950336116645633
0.999950108494473189
0.999949859424070442
0.999949799490881364
0.999949926109188647
0.999949974095178051
0.999949628194345408
0.999948423461552327
0.999946069373848112
0.999942484084141436
0.999937823358555300
0.999932590770950980
0.999927450656614258
0.999923230579890188
0.999920593303456062
0.999920045415176206
0.999921587112032717
0.999924952546861756
0.999929463615058967
0.999934308901411550
0.999938632177225895
0.999941891306769692
0.999943821703888736
0.999944521589005930
0.999944411629860475
0.999943990002150729
0.999943617614428071
0.999943493684326556
0.999943353332542362
0.999942822725855884
0.999941380561583770
0.999938771333679699
0.999935008934637271
0.999930618663596116
0.999926469512395166
0.999923475564251873
0.999922341118303692
0.999923279798914710
0.999925949490402033
0.999929495166251514
0.999932946900332631
0.999935477645276127
0.999936718962342597
0.999936805753164126
0.999936309304694348
0.999935736123280239
0.999935379717475148
0.999935013671135353
0.999934126737363260
0.999932213435126727
0.999929116136659579
0.999925315430775896
0.999921807624494674
0.999919646206469448
0.999919467408761031
