81681408.993334621191024780
81576514.413915932178497314
81471619.834497243165969849
81366725.255078554153442383
81261830.675659865140914917
81156936.096241176128387451
81052041.516822487115859985
80947146.937403798103332520
80842252.357985094189643860
80737357.778566405177116394
80632463.199147716164588928
80527568.619729027152061462
80422674.040310338139533997
80317779.460891649127006531
80212884.881472960114479065
80107990.302054271101951599
80003095.722635567188262939
79898201.143216878175735474
79793306.563798189163208008
79688411.984379500150680542
79583517.404960811138153076
79478622.825542122125625610
79373728.246123433113098145
79268833.666704729199409485
79163939.087286040186882019
79059044.507867351174354553
78954149.928448662161827087
78849255.349029973149299622
78744360.769611284136772156
78639466.190192595124244690
78534571.610773906111717224
78429677.031355202198028564
78324782.451936513185501099
78219887.872517824172973633
78114993.293099135160446167
78010098.713680446147918701
77905204.134261757135391235
77800309.554843068122863770
77695414.975424379110336304
77590520.396005675196647644
77485625.816586986184120178
77380731.237168297171592712
77275836.657749608159065247
77170942.078330919146537781
77066047.498912230134010315
76961152.919493541121482849
76856258.340074852108955383
76751363.760656148195266724
76646469.181237459182739258
76541574.601818770170211792
76436680.022400081157684326
76331785.442981392145156860
76226890.863562703132629395
76121996.284144014120101929
76017101.704725325107574463
75912207.125306621193885803
75807312.545887932181358337
75702417.966469243168830872
75597523.387050554156303406
75492628.807631865143775940
75387734.228213176131248474
75282839.648794487118721008
75177945.069375783205032349
75073050.489957094192504883
74968155.910538405179977417
74863261.331119716167449951
74758366.751701027154922485
74653472.172282338142395020
74548577.592863649129867554
74443683.013444960117340088
74338788.434026256203651428
74233893.854607567191123962
74128999.275188878178596497
74024104.695770189166069031
73919210.116351500153541565
73814315.536932811141014099
73709420.957514122128486633
73604526.378095433115959167
73499631.798676729202270508
73394737.219258040189743042
73289842.639839351177215576
73184948.060420662164688110
73080053.481001973152160645
72975158.901583284139633179
72870264.322164595127105713
72765369.742745906114578247
72660475.163327202200889587
72555580.583908513188362122
72450686.004489824175834656
72345791.425071135163307190
72240896.845652446150779724
72136002.266233757138252258
72031107.686815068125724792
71926213.107396364212036133
71821318.527977675199508667
71716423.948558986186981201
71611529.369140297174453735
71506634.789721608161926270
71401740.210302919149398804
71296845.630884230136871338
71191951.051465541124343872
71087056.472046837210655212
70982161.892628148198127747
70877267.313209459185600281
70772372.733790770173072815
70667478.154372081160545349
70562583.574953392148017883
70457688.995534703135490417
70352794.416116014122962952
70247899.836697310209274292
70143005.257278621196746826
70038110.677859932184219360
69933216.098441243171691895
69828321.519022554159164429
69723426.939603865146636963
69618532.360185176134109497
69513637.780766487121582031
69408743.201347783207893372
69303848.621929094195365906
69198954.042510405182838440
69094059.463091716170310974
68989164.883673027157783508
68884270.304254338145256042
68779375.724835649132728577
68674481.145416945219039917
68569586.565998256206512451
68464691.986579567193984985
68359797.407160878181457520
68254902.827742189168930054
68150008.248323500156402588
68045113.668904811143875122
67940219.089486122131347656
67835324.510067418217658997
67730429.930648729205131531
67625535.351230040192604065
67520640.771811351180076599
67415746.192392662167549133
67310851.612973973155021667
67205957.033555284142494202
67101062.454136595129966736
66996167.874717891216278076
66891273.295299202203750610
66786378.715880513191223145
66681484.136461824178695679
66576589.557043135166168213
66471694.977624446153640747
66366800.398205757141113281
66261905.818787068128585815
66157011.239368364214897156
66052116.659949675202369690
65947222.080530986189842224
65842327.501112297177314758
65737432.921693608164787292
65632538.342274919152259827
65527643.762856230139732361
65422749.183437526226043701
65317854.604018837213516235
65212960.024600148200988770
65108065.445181459188461304
65003170.865762770175933838
64898276.286344081163406372
64793381.706925392150878906
64688487.127506703138351440
64583592.548087999224662781
64478697.968669310212135315
64373803.389250621199607849
64268908.809831932187080383
64164014.230413243174552917
64059119.650994554162025452
63954225.071575865149497986
63849330.492157176136970520
63744435.912738472223281860
63639541.333319783210754395
63534646.753901094198226929
63429752.174482405185699463
63324857.595063716173171997
63219963.015645027160644531
63115068.436226338148117065
63010173.856807649135589600
62905279.277388945221900940
62800384.697970256209373474
62695490.118551567196846008
62590595.539132878184318542
62485700.959714189171791077
62380806.380295500159263611
62275911.800876811146736145
62171017.221458107233047485
62066122.642039418220520020
61961228.062620729207992554
61856333.483202040195465088
61751438.903783351182937622
61646544.324364662170410156
61541649.744945973157882690
61436755.165527284145355225
61331860.586108580231666565
61226966.006689891219139099
61122071.427271202206611633
61017176.847852513194084167
60912282.268433824181556702
60807387.689015135169029236
60702493.109596446156501770
60597598.530177757143974304
60492703.950759053230285645
60387809.371340364217758179
60282914.791921675205230713
60178020.212502986192703247
60073125.633084297180175781
59968231.053665608167648315
59863336.474246919155120850
59758441.894828230142593384
59653547.315409526228904724
59548652.735990837216377258
59443758.156572148203849792
59338863.577153459191322327
59233968.997734770178794861
59129074.418316081166267395
59024179.838897392153739929
58919285.259478688240051270
58814390.680059999227523804
58709496.100641310214996338
58604601.521222621202468872
58499706.941803932189941406
58394812.362385243177413940
58289917.782966554164886475
58185023.203547865152359009
58080128.624129161238670349
57975234.044710472226142883
57870339.465291783213615417
57765444.885873094201087952
57660550.306454405188560486
57555655.727035716176033020
57450761.147617027163505554
57345866.568198338150978088
57240971.988779634237289429
57136077.409360945224761963
57031182.829942256212234497
56926288.250523567199707031
56821393.671104878187179565
56716499.091686189174652100
56611604.512267500162124634
56506709.932848811149597168
56401815.353430107235908508
56296920.774011418223381042
56192026.194592729210853577
56087131.615174040198326111
55982237.035755351185798645
55877342.456336662173271179
55772447.876917973160743713
55667553.297499269247055054
55562658.718080580234527588
55457764.138661891222000122
55352869.559243202209472656
55247974.979824513196945190
55143080.400405824184417725
55038185.820987135171890259
54933291.241568446159362793
54828396.662149742245674133
54723502.082731053233146667
54618607.503312364220619202
54513712.923893675208091736
54408818.344474986195564270
54303923.765056297183036804
54199029.185637608170509338
54094134.606218919157981873
53989240.026800215244293213
53884345.447381526231765747
53779450.867962837219238281
53674556.288544148206710815
53569661.709125459194183350
53464767.129706770181655884
53359872.550288081169128418
53254977.970869392156600952
53150083.391450688242912292
53045188.812031999230384827
52940294.232613310217857361
52835399.653194621205329895
52730505.073775932192802429
52625610.494357243180274963
52520715.914938554167747498
52415821.335519850254058838
52310926.756101161241531372
52206032.176682472229003906
52101137.597263783216476440
51996243.017845094203948975
51891348.438426405191421509
51786453.859007716178894043
51681559.279589019715785980
51576664.700170330703258514
51471770.120751634240150452
51366875.541332945227622986
51261980.961914256215095520
51157086.382495567202568054
51052191.803076878190040588
50947297.223658189177513123
50842402.644239492714405060
50737508.064820803701877594
50632613.485402107238769531
50527718.905983418226242065
50422824.326564729213714600
50317929.747146040201187134
50213035.167727351188659668
50108140.588308662176132202
50003246.008889965713024139
49898351.429471276700496674
49793456.850052580237388611
49688562.270633891224861145
49583667.691215202212333679
49478773.111796513199806213
49373878.532377824187278748
49268983.952959135174751282
49164089.373540438711643219
49059194.794121742248535156
48954300.214703053236007690
48849405.635284364223480225
48744511.055865675210952759
48639616.476446986198425293
48534721.897028297185897827
48429827.317609600722789764
48324932.738190911710262299
48220038.158772215247154236
48115143.579353526234626770
48010248.999934837222099304
47905354.420516148209571838
47800459.841097459197044373
47695565.261678770184516907
47590670.682260073721408844
47485776.102841384708881378
47380881.523422688245773315
47275986.944003999233245850
47171092.364585310220718384
47066197.785166621208190918
46961303.205747932195663452
46856408.626329243183135986
46751514.046910546720027924
46646619.467491857707500458
46541724.888073161244392395
46436830.308654472231864929
46331935.729235783219337463
46227041.149817094206809998
46122146.570398405194282532
46017251.990979716181755066
45912357.411561019718647003
45807462.832142330706119537
45702568.252723634243011475
45597673.673304945230484009
45492779.093886256217956543
45387884.514467567205429077
45282989.935048878192901611
45178095.355630181729793549
45073200.776211492717266083
44968306.196792796254158020
44863411.617374107241630554
44758517.037955418229103088
44653622.458536729216575623
44548727.879118040204048157
44443833.299699351191520691
44338938.720280654728412628
44234044.140861965715885162
44129149.561443269252777100
44024254.982024580240249634
43919360.402605891227722168
43814465.823187202215194702
43709571.243768513202667236
43604676.664349824190139771
43499782.084931127727031708
43394887.505512438714504242
43289992.926093742251396179
43185098.346675053238868713
43080203.767256364226341248
42975309.187837675213813782
42870414.608418986201286316
42765520.029000297188758850
42660625.449581600725650787
42555730.870162911713123322
42450836.290744215250015259
42345941.711325526237487793
42241047.131906837224960327
42136152.552488148212432861
42031257.973069459199905396
41926363.393650762736797333
41821468.814232073724269867
41716574.234813377261161804
41611679.655394688248634338
41506785.075975999236106873
41401890.496557310223579407
41296995.917138621211051941
41192101.337719932198524475
41087206.758301235735416412
40982312.178882546722888947
40877417.599463850259780884
40772523.020045161247253418
40667628.440626472234725952
40562733.861207783222198486
40457839.281789094209671021
40352944.702370405197143555
40248050.122951708734035492
40143155.543533019721508026
40038260.964114323258399963
39933366.384695634245872498
39828471.805276945233345032
39723577.225858256220817566
39618682.646439567208290100
39513788.067020878195762634
39408893.487602181732654572
39303998.908183492720127106
39199104.328764796257019043
39094209.749346107244491577
38989315.169927418231964111
38884420.590508729219436646
38779526.011090040206909180
38674631.431671343743801117
38569736.852252654731273651
38464842.272833958268165588
38359947.693415269255638123
38255053.113996580243110657
38150158.534577891230583191
38045263.955159202218055725
37940369.375740513205528259
37835474.796321816742420197
37730580.216903127729892731
37625685.637484431266784668
37520791.058065742254257202
37415896.478647053241729736
37311001.899228364229202271
37206107.319809675216674805
37101212.740390986204147339
36996318.160972289741039276
36891423.581553600728511810
36786529.002134904265403748
36681634.422716215252876282
36576739.843297526240348816
36471845.263878837227821350
36366950.684460148215293884
36262056.105041459202766418
36157161.525622762739658356
36052266.946204073727130890
35947372.366785377264022827
35842477.787366688251495361
35737583.207947999238967896
35632688.628529310226440430
35527794.049110621213912964
35422899.469691924750804901
35318004.890273235738277435
35213110.310854546725749969
35108215.731435850262641907
35003321.152017161250114441
34898426.572598472237586975
34793531.993179783225059509
34688637.413761094212532043
34583742.834342397749423981
34478848.254923708736896515
34373953.675505019724369049
34269059.096086323261260986
34164164.516667634248733521
34059269.937248945236206055
33954375.357830256223678589
33849480.778411559760570526
33744586.198992870748043060
33639691.619574181735515594
33534797.040155488997697830
33429902.460736796259880066
33325007.881318107247352600
33220113.301899418234825134
33115218.722480725497007370
33010324.143062032759189606
32905429.563643343746662140
32800534.984224654734134674
32695640.404805961996316910
32590745.825387269258499146
32485851.245968580245971680
32380956.666549891233444214
32276062.087131198495626450
32171167.507712505757808685
32066272.928293816745281219
31961378.348875127732753754
31856483.769456434994935989
31751589.190037742257118225
31646694.610619053244590759
31541800.031200364232063293
31436905.451781671494245529
31332010.872362978756427765
31227116.292944289743900299
31122221.713525600731372833
31017327.134106907993555069
30912432.554688215255737305
30807537.975269526243209839
30702643.395850837230682373
30597748.816432144492864609
30492854.237013451755046844
30387959.657594762742519379
30283065.078176070004701614
30178170.498757377266883850
30073275.919338688254356384
29968381.339919999241828918
29863486.760501306504011154
29758592.181082613766193390
29653697.601663924753665924
29548803.022245235741138458
29443908.442826543003320694
29339013.863407850265502930
29234119.283989161252975464
29129224.704570472240447998
29024330.125151779502630234
28919435.545733086764812469
28814540.966314397752285004
28709646.386895708739757538
28604751.807477016001939774
28499857.228058323264122009
28394962.648639634251594543
28290068.069220945239067078
28185173.489802252501249313
28080278.910383559763431549
27975384.330964870750904083
27870489.751546181738376617
27765595.172127489000558853
27660700.592708796262741089
27555806.013290107250213623
27450911.433871418237686157
27346016.854452725499868393
27241122.275034032762050629
27136227.695615343749523163
27031333.116196651011705399
26926438.536777961999177933
26821543.957359269261360168
26716649.377940580248832703
26611754.798521887511014938
26506860.219103198498487473
26401965.639684505760669708
26297071.060265816748142242
26192176.480847124010324478
26087281.901428431272506714
25982387.322009742259979248
25877492.742591053247451782
25772598.163172360509634018
25667703.583753667771816254
25562809.004334978759288788
25457914.424916289746761322
25353019.845497597008943558
25248125.266078904271125793
25143230.686660215258598328
25038336.107241526246070862
24933441.527822833508253098
24828546.948404140770435333
24723652.368985451757907867
24618757.789566759020090103
24513863.210148070007562637
24408968.630729377269744873
24304074.051310688257217407
24199179.471891995519399643
24094284.892473306506872177
23989390.313054613769054413
23884495.733635924756526947
23779601.154217232018709183
23674706.574798543006181717
23569811.995379850268363953
23464917.415961161255836487
23360022.836542468518018723
23255128.257123779505491257
23150233.677705086767673492
23045339.098286397755146027
22940444.518867705017328262
22835549.939449016004800797
22730655.360030323266983032
22625760.780611634254455566
22520866.201192941516637802
22415971.621774248778820038
22311077.042355559766292572
22206182.462936870753765106
22101287.883518178015947342
21996393.304099485278129578
21891498.724680796265602112
21786604.145262107253074646
21681709.565843414515256882
21576814.986424721777439117
21471920.407006032764911652
21367025.827587340027093887
21262131.248168651014566422
21157236.668749958276748657
21052342.089331269264221191
20947447.509912576526403427
20842552.930493887513875961
20737658.351075194776058197
20632763.771656505763530731
20527869.192237813025712967
20422974.612819124013185501
20318080.033400431275367737
20213185.453981742262840271
20108290.874563049525022507
20003396.295144360512495041
19898501.715725667774677277
19793607.136306978762149811
19688712.556888286024332047
19583817.977469597011804581
19478923.398050904273986816
19374028.818632215261459351
19269134.239213522523641586
19164239.659794833511114120
19059345.080376140773296356
18954450.500957451760768890
18849555.921538759022951126
