0.000000049672865478
0.000000049742286611
0.000000049811879741
0.000000049881645543
0.000000049951584698
0.000000050021697887
0.000000050091985798
0.000000050162449120
0.000000050233088547
0.000000050303904776
0.000000050374898508
0.000000050446070446
0.000000050517421300
0.000000050588951780
0.000000050660662603
0.000000050732554487
0.000000050804628155
0.000000050876884334
0.000000050949323754
0.000000051021947150
0.000000051094755259
0.000000051167748825
0.000000051240928592
0.000000051314295310
0.000000051387849734
0.000000051461592622
0.000000051535524734
0.000000051609646837
0.000000051683959700
0.000000051758464099
0.000000051833160810
0.000000051908050616
0.000000051983134304
0.000000052058412664
0.000000052133886491
0.000000052209556584
0.000000052285423747
0.000000052361488787
0.000000052437752516
0.000000052514215750
0.000000052590879312
0.000000052667744025
0.000000052744810720
0.000000052822080230
0.000000052899553395
0.000000052977231057
0.000000053055114066
0.000000053133203272
0.000000053211499534
0.000000053290003712
0.000000053368716675
0.000000053447639292
0.000000053526772440
0.000000053606117000
0.000000053685673858
0.000000053765443904
0.000000053845428033
0.000000053925627147
0.000000054006042150
0.000000054086673953
0.000000054167523471
0.000000054248591625
0.000000054329879341
0.000000054411387550
0.000000054493117187
0.000000054575069193
0.000000054657244516
0.000000054739644107
0.000000054822268924
0.000000054905119928
0.000000054988198088
0.000000055071504377
0.000000055155039774
0.000000055238805263
0.000000055322801835
0.000000055407030485
0.000000055491492214
0.000000055576188029
0.000000055661118944
0.000000055746285975
0.000000055831690148
0.000000055917332493
0.000000056003214045
0.000000056089335847
0.000000056175698946
0.000000056262304397
0.000000056349153259
0.000000056436246598
0.000000056523585487
0.000000056611171005
0.000000056699004235
0.000000056787086269
0.000000056875418205
0.000000056964001145
0.000000057052836201
0.000000057141924488
0.000000057231267130
0.000000057320865256
0.000000057410720004
0.000000057500832515
0.000000057591203940
0.000000057681835435
0.000000057772728163
0.000000057863883295
0.000000057955302007
0.000000058046985484
0.000000058138934917
0.000000058231151504
0.000000058323636450
0.000000058416390968
0.000000058509416276
0.000000058602713604
0.000000058696284183
0.000000058790129257
0.000000058884250075
0.000000058978647892
0.000000059073323974
0.000000059168279593
0.000000059263516027
0.000000059359034564
0.000000059454836499
0.000000059550923135
0.000000059647295784
0.000000059743955763
0.000000059840904399
0.000000059938143029
0.000000060035672994
0.000000060133495646
0.000000060231612345
0.000000060330024458
0.000000060428733363
0.000000060527740444
0.000000060627047094
0.000000060726654715
0.000000060826564719
0.000000060926778525
0.000000061027297561
0.000000061128123264
0.000000061229257080
0.000000061330700464
0.000000061432454882
0.000000061534521805
0.000000061636902717
0.000000061739599110
0.000000061842612485
0.000000061945944353
0.000000062049596233
0.000000062153569657
0.000000062257866164
0.000000062362487303
0.000000062467434633
0.000000062572709724
0.000000062678314154
0.000000062784249513
0.000000062890517400
0.000000062997119424
0.000000063104057207
0.000000063211332377
0.000000063318946576
0.000000063426901455
0.000000063535198677
0.000000063643839913
0.000000063752826848
0.000000063862161176
0.000000063971844603
0.000000064081878845
0.000000064192265630
0.000000064303006697
0.000000064414103797
0.000000064525558692
0.000000064637373154
0.000000064749548970
0.000000064862087936
0.000000064974991861
0.000000065088262565
0.000000065201901881
0.000000065315911655
0.000000065430293743
0.000000065545050015
0.000000065660182352
0.000000065775692649
0.000000065891582814
0.000000066007854766
0.000000066124510438
0.000000066241551775
0.000000066358980737
0.000000066476799296
0.000000066595009436
0.000000066713613157
0.000000066832612471
0.000000066952009404
0.000000067071805995
0.000000067192004299
0.000000067312606383
0.000000067433614328
0.000000067555030231
0.000000067676856202
0.000000067799094366
0.000000067921746862
0.000000068044815845
0.000000068168303484
0.000000068292211962
0.000000068416543479
0.000000068541300250
0.000000068666484504
0.000000068792098486
0.000000068918144459
0.000000069044624698
0.000000069171541496
0.000000069298897163
0.000000069426694024
0.000000069554934419
0.000000069683620707
0.000000069812755262
0.000000069942340477
0.000000070072378758
0.000000070202872533
0.000000070333824243
0.000000070465236348
0.000000070597111327
0.000000070729451675
0.000000070862259904
0.000000070995538547
0.000000071129290153
0.000000071263517290
0.000000071398222544
0.000000071533408520
0.000000071669077842
0.000000071805233155
0.000000071941877118
0.000000072079012415
0.000000072216641747
0.000000072354767834
0.000000072493393417
0.000000072632521258
0.000000072772154137
0.000000072912294856
0.000000073052946238
0.000000073194111127
0.000000073335792386
0.000000073477992900
0.000000073620715578
0.000000073763963347
0.000000073907739159
0.000000074052045986
0.000000074196886822
0.000000074342264685
0.000000074488182615
0.000000074634643675
0.000000074781650950
0.000000074929207551
0.000000075077316610
0.000000075225981284
0.000000075375204753
0.000000075524990222
0.000000075675340920
0.000000075826260102
0.000000075977751047
0.000000076129817058
0.000000076282461465
0.000000076435687624
0.000000076589498915
0.000000076743898746
0.000000076898890550
0.000000077054477788
0.000000077210663947
0.000000077367452541
0.000000077524847112
0.000000077682851230
0.000000077841468493
0.000000078000702526
0.000000078160556983
0.000000078321035549
0.000000078482141935
0.000000078643879883
0.000000078806253165
0.000000078969265582
0.000000079132920966
0.000000079297223178
0.000000079462176113
0.000000079627783695
0.000000079794049880
0.000000079960978655
0.000000080128574041
0.000000080296840089
0.000000080465780886
0.000000080635400550
0.000000080805703232
0.000000080976693118
0.000000081148374428
0.000000081320751417
0.000000081493828373
0.000000081667609622
0.000000081842099524
0.000000082017302473
0.000000082193222904
0.000000082369865284
0.000000082547234121
0.000000082725333957
0.000000082904169375
0.000000083083744994
0.000000083264065473
0.000000083445135509
0.000000083626959840
0.000000083809543241
0.000000083992890531
0.000000084177006567
0.000000084361896249
0.000000084547564517
0.000000084734016355
0.000000084921256787
0.000000085109290881
0.000000085298123751
0.000000085487760550
0.000000085678206480
0.000000085869466784
0.000000086061546753
0.000000086254451724
0.000000086448187077
0.000000086642758243
0.000000086838170697
0.000000087034429964
0.000000087231541617
0.000000087429511276
0.000000087628344614
0.000000087828047349
0.000000088028625255
0.000000088230084154
0.000000088432429919
0.000000088635668478
0.000000088839805809
0.000000089044847944
0.000000089250800972
0.000000089457671032
0.000000089665464321
0.000000089874187092
0.000000090083845653
0.000000090294446370
0.000000090505995666
0.000000090718500025
0.000000090931965986
0.000000091146400151
0.000000091361809181
0.000000091578199798
0.000000091795578787
0.000000092013952995
0.000000092233329331
0.000000092453714771
0.000000092675116352
0.000000092897541179
0.000000093120996422
0.000000093345489320
0.000000093571027178
0.000000093797617370
0.000000094025267340
0.000000094253984601
0.000000094483776739
0.000000094714651409
0.000000094946616343
0.000000095179679342
0.000000095413848286
0.000000095649131126
0.000000095885535894
0.000000096123070694
0.000000096361743713
0.000000096601563214
0.000000096842537542
0.000000097084675122
0.000000097327984461
0.000000097572474149
0.000000097818152860
0.000000098065029355
0.000000098313112478
0.000000098562411163
0.000000098812934430
0.000000099064691390
0.000000099317691243
0.000000099571943283
0.000000099827456893
0.000000100084241554
0.000000100342306840
0.000000100601662420
0.000000100862318064
0.000000101124283636
0.000000101387569106
0.000000101652184539
0.000000101918140106
0.000000102185446082
0.000000102454112847
0.000000102724150885
0.000000102995570792
0.000000103268383269
0.000000103542599131
0.000000103818229303
0.000000104095284826
0.000000104373776854
0.000000104653716657
0.000000104935115626
0.000000105217985268
0.000000105502337215
0.000000105788183218
0.000000106075535156
0.000000106364405031
0.000000106654804976
0.000000106946747250
0.000000107240244247
0.000000107535308489
0.000000107831952638
0.000000108130189490
0.000000108430031979
0.000000108731493180
0.000000109034586311
0.000000109339324733
0.000000109645721953
0.000000109953791627
0.000000110263547561
0.000000110575003713
0.000000110888174195
0.000000111203073277
0.000000111519715384
0.000000111838115107
0.000000112158287196
0.000000112480246569
0.000000112804008310
0.000000113129587673
0.000000113457000086
0.000000113786261151
0.000000114117386648
0.000000114450392536
0.000000114785294957
0.000000115122110239
0.000000115460854896
0.000000115801545634
0.000000116144199352
0.000000116488833144
0.000000116835464305
0.000000117184110330
0.000000117534788920
0.000000117887517982
0.000000118242315637
0.000000118599200216
0.000000118958190271
0.000000119319304571
0.000000119682562111
0.000000120047982112
0.000000120415584026
0.000000120785387537
0.000000121157412570
0.000000121531679286
0.000000121908208096
0.000000122287019654
0.000000122668134871
0.000000123051574911
0.000000123437361198
0.000000123825515421
0.000000124216059537
0.000000124609015773
0.000000125004406637
0.000000125402254912
0.000000125802583670
0.000000126205416272
0.000000126610776371
0.000000127018687920
0.000000127429175178
0.000000127842262708
0.000000128257975388
0.000000128676338415
0.000000129097377309
0.000000129521117918
0.000000129947586423
0.000000130376809347
0.000000130808813555
0.000000131243626264
0.000000131681275045
0.000000132121787834
0.000000132565192933
0.000000133011519018
0.000000133460795146
0.000000133913050759
0.000000134368315694
0.000000134826620185
0.000000135287994876
0.000000135752470819
0.000000136220079491
0.000000136690852793
0.000000137164823062
0.000000137642023076
0.000000138122486063
0.000000138606245707
0.000000139093336160
0.000000139583792043
0.000000140077648463
0.000000140574941012
0.000000141075705784
0.000000141579979379
0.000000142087798911
0.000000142599202023
0.000000143114226890
0.000000143632912230
0.000000144155297316
0.000000144681421987
0.000000145211326651
0.000000145745052304
0.000000146282640534
0.000000146824133537
0.000000147369574125
0.000000147919005736
0.000000148472472451
0.000000149030018998
0.000000149591690773
0.000000150157533844
0.000000150727594969
0.000000151301921607
0.000000151880561932
0.000000152463564845
0.000000153050979989
0.000000153642857764
0.000000154239249338
0.000000154840206667
0.000000155445782505
0.000000156056030422
0.000000156671004821
0.000000157290760949
0.000000157915354923
0.000000158544843736
0.000000159179285281
0.000000159818738370
0.000000160463262746
0.000000161112919108
0.000000161767769126
0.000000162427875460
0.000000163093301786
0.000000163764112810
0.000000164440374290
0.000000165122153062
0.000000165809517057
0.000000166502535327
0.000000167201278064
0.000000167905816630
0.000000168616223575
0.000000169332572667
0.000000170054938913
0.000000170783398589
0.000000171518029265
0.000000172258909833
0.000000173006120536
0.000000173759742996
0.000000174519860243
0.000000175286556747
0.000000176059918451
0.000000176840032798
0.000000177626988769
0.000000178420876915
0.000000179221789391
0.000000180029819993
0.000000180845064193
0.000000181667619180
0.000000182497583894
0.000000183335059071
0.000000184180147278
0.000000185032952960
0.000000185893582480
0.000000186762144166
0.000000187638748352
0.000000188523507430
0.000000189416535895
0.000000190317950394
0.000000191227869779
0.000000192146415160
0.000000193073709954
0.000000194009879944
0.000000194955053338
0.000000195909360822
0.000000196872935626
0.000000197845913579
0.000000198828433183
0.000000199820635669
0.000000200822665069
0.000000201834668289
0.000000202856795173
0.000000203889198583
0.000000204932034477
0.000000205985461979
0.000000207049643470
0.000000208124744665
0.000000209210934700
0.000000210308386223
0.000000211417275486
0.000000212537782436
0.000000213670090814
0.000000214814388257
0.000000215970866400
0.000000217139720985
0.000000218321151967
0.000000219515363635
0.000000220722564726
0.000000221942968543
0.000000223176793090
0.000000224424261193
0.000000225685600640
