0.996101378079460087
0.996215493691196219
0.996326462735531826
0.996434304981009933
0.996539038514490993
0.996640675567760703
0.996739270099789132
0.996834798660995114
0.996927321255007604
0.997016878768998249
0.997103507162185432
0.997187276823653712
0.997268160938045933
0.997346279025121074
0.997421609293190570
0.997494271675517852
0.997564283186791689
0.997631726578108502
0.997696615897564421
0.997759063698215654
0.997819121234675865
0.997876848392206584
0.997932304836115391
0.997985530298586165
0.998036666317086318
0.998085724394598195
0.998132769648772622
0.998177923770729003
0.998221243144676862
0.998262751829377404
0.998302567648329031
0.998340761447831904
0.998377382730251339
0.998412521549708942
0.998446238410116260
0.998478592456477299
0.998509675678839970
0.998539547134529637
0.998568256906268603
0.998595902543426672
0.998622487045364271
0.998648156701039347
0.998672869344434000
0.998696783303321123
0.998719880068500654
0.998742240241484391
0.998763867997086274
0.998784874269484813
0.998805267816687103
0.998825112824035632
0.998844403470437014
0.998863184667537207
0.998881529311424043
0.998899397752453955
0.998916866582024054
0.998933930154209837
0.998950614631891609
0.998966941838272615
0.998982894302552826
0.998998467082276909
0.999013721361363682
0.999028611140698741
0.999043121082779373
0.999057269415339566
0.999071001075957588
0.999084384261350156
0.999097322812801836
0.999109792129865393
0.999121829434056918
0.999133361165161271
0.999144349700311407
0.999154780115453778
0.999164604612625462
0.999173781054626620
0.999182289639732768
0.999190058406049131
0.999197072848711954
0.999203245612927504
0.999208545101976875
0.999212949185554922
0.999216367619362278
0.999218755376774292
0.999220078067967310
0.999220235946478574
0.999219251798686314
0.999217019581427945
0.999213479442154440
0.999208618042964236
0.999202355015068266
0.999194681919734040
0.999185514984505252
0.999174814636309083
0.999162541080513944
0.999148651012574662
0.999133113767587289
0.999115901609537116
0.999096974213294575
0.999076304290756334
0.999053849671147742
0.999029624819615880
0.999003600993917162
0.998975783443410759
0.998946161844128211
0.998914724999911741
0.998881439233092916
0.998846386033971800
0.998809548505698697
0.998770937866421127
0.998730610993076695
0.998688598045112230
0.998644907581421770
0.998599629665113397
0.998552760577330778
0.998504398863888420
0.998454604614176233
0.998403444441878674
0.998351032399024341
0.998297357963954357
0.998242585049950670
0.998186784841229691
0.998130054945833067
0.998072537656868541
0.998014282004305753
0.997955433691841920
0.997896144009860264
0.997836484380274613
0.997776590344086833
0.997716647697907577
0.997656742807086050
0.997597049676000824
0.997537662900485289
0.997478776011597179
0.997420511955985356
0.997363033051548276
0.997306478768363536
0.997251001313141927
0.997196747847252873
0.997143886828922854
0.997092520690561090
0.997042841064674557
0.996994989204027737
0.996949076365679088
0.996905276881220770
0.996863712292782811
0.996824513800998235
0.996787799783203199
0.996753699431835338
0.996722341850001081
0.996693836374307640
0.996668243125820363
0.996645714262229809
0.996626285366077003
0.996610081987851393
0.996597127557306228
0.996587542225252809
0.996581329780004244
0.996578557310357938
0.996579237620260905
0.996583427192284765
0.996591117671741800
0.996602292081767982
0.996616979202956443
0.996635136633077789
0.996656743225679542
0.996681775748994525
0.996710131879308903
0.996741791156647738
0.996776687960008179
0.996814703125117663
0.996855768248392282
0.996899768227317518
0.996946615723886653
0.996996136827044355
0.997048245625228757
0.997102769821437418
0.997159598642350486
0.997218586602619417
0.997279512393847045
0.997342272274963193
0.997406679286173992
0.997472505791021424
0.997539649144102758
0.997607867977878815
0.997676997922915643
0.997746871472138808
0.997817261968508062
0.997888018804391819
0.997958934809852094
0.998029853152228030
0.998100534695793962
0.998170841312031487
0.998240597779003869
0.998309606849573039
0.998377762159550541
0.998444851793102828
0.998510722483574642
0.998575277995125021
0.998638357800809673
0.998699862637374314
0.998759620622539868
0.998817569048814025
0.998873623112262687
0.998927671140948936
0.998979672754082837
0.999029521799611686
0.999077244034976997
0.999122726809384298
0.999165983541401292
0.999207023049597520
0.999245782891016954
0.999282318671506409
0.999316645422766436
0.999348805691722797
0.999378826273416898
0.999406742041594631
0.999432647442642930
0.999456622201820410
0.999478685927459032
0.999498984230898002
0.999517585403939646
0.999534587833788901
0.999550067489567762
0.999564170858084022
0.999576974366982562
0.999588601265185450
0.999599159872469167
0.999608756017434597
0.999617494795589256
0.999625456700163562
0.999632803602813258
0.999639560015174844
0.999645839999560026
0.999651774538048543
0.999657368085852704
0.999662709736869326
0.999667903254799595
0.999672961204876254
0.999677904741789858
0.999682798148237683
0.999687674623883638
0.999692490976487713
0.999697308435304244
0.999702033424851089
0.999706733493779143
0.999711325281428365
0.999715747540302679
0.999719992508529165
0.999723979036968524
0.999727646605271691
0.999730904438192569
0.999733659112618689
0.999735861716741447
0.999737391306760537
0.999738159648850933
0.999738067845384548
0.999737040257262732
0.999734943830354439
0.999731696514260526
0.999727231112380377
0.999721454556393607
0.999714270378781023
0.999705660579298327
0.999695496820847573
0.999683798998563411
0.999670490311526772
0.999655563907174582
0.999639007062384177
0.999620832663049685
0.999601086851510612
0.999579779445311400
0.999556956627913218
0.999532726273160033
0.999507166789068480
0.999480404521849497
0.999452521763471102
0.999423733034444317
0.999394103528623790
0.999363881337955839
0.999333231174716285
0.999302321907787117
0.999271382967614752
0.999240633700234193
0.999210313452933763
0.999180595150017559
0.999151763333199439
0.999123999126487972
0.999097562860596700
0.999072660428924175
0.999049517627137895
0.999028335994542993
0.999009298590943784
0.998992597804085225
0.998978386742742641
0.998966836370137390
0.998958012091869296
0.998952074883639463
0.998949069923105948
0.998949040331907789
0.998952028137786274
0.998958037966102497
0.998967032686659206
0.998978943827762311
0.998993714519876952
0.999011222020644296
0.999031352363758396
0.999053902916121506
0.999078734463882956
0.999105615988386653
0.999134359940352601
0.999164686947341174
0.999196402510315052
0.999229194256200715
0.999262817452417407
0.999297003077814661
0.999331465186400258
0.999365971329201463
0.999400220476605372
0.999433975408396624
0.999467023539641120
0.999499111984511912
0.999530036133746136
0.999559593852125006
0.999587690974070520
0.999614119755239172
0.999638844039776320
0.999661704335853663
0.999682732525712492
0.999701829695787580
0.999719028446396818
0.999734383533138815
0.999747917401752839
0.999759727704076284
0.999769912363128954
0.999778589192677813
0.999785893180501484
0.999791952186132815
0.999796944379834684
0.999801022679450146
0.999804321250985617
0.999807023420739238
0.999809291883139051
0.999811198512188470
0.999812913647135426
0.999814528528311652
0.999816150668152659
0.999817810927353556
0.999819548556488802
0.999821406343079144
0.999823316766681236
0.999825279179684112
0.999827231674562111
0.999829099162403367
0.999830724044893371
0.999832045461703012
0.999832889066845865
0.999833140171106027
0.999832638774309057
0.999831210454704022
0.999828729750029011
0.999825073946570497
0.999820126204142623
0.999813768728901930
0.999805953468244302
0.999796628112626706
0.999785783417917462
0.999773436910202373
0.999759663231449380
0.999744571085171230
0.999728308099879004
0.999711015623305554
0.999692955888931478
0.999674369234012206
0.999655496362370277
0.999636662505407725
0.999618189664977286
0.999600367061500794
0.999583550059360393
0.999568040804009850
0.999554151311829231
0.999542162605821516
0.999532346795985571
0.999524898777326420
0.999519972084710440
0.999517720498646622
0.999518236564403750
0.999521461622582930
0.999527405423411230
0.999535955925481057
0.999546965666081033
0.999560182464404368
0.999575394937804673
0.999592273155459510
0.999610498838283457
0.999629721139111638
0.999649569196769172
0.999669651337234733
0.999689627280898940
0.999709132611843465
0.999727866992030645
0.999745502899111682
0.999761855872198790
0.999776695481207955
0.999789913729158375
0.999801398633375027
0.999811190114640924
0.999819246482753332
0.999825748642739431
0.999830735321736941
0.999834454252985450
0.999837058808697110
0.999838769319291276
0.999839815706433321
0.999840413832208341
0.999840775461465325
0.999841020865378627
0.999841314653597490
0.999841728753603443
0.999842289109422189
0.999843015226536513
0.999843788164193614
0.999844548541667821
0.999845093777092409
0.999845265873377853
0.999844845313655473
0.999843640435017500
0.999841428088114603
0.999838032450700354
0.999833300098910915
0.999827152171164135
0.999819566124693693
0.999810550563613676
0.999800260310015232
0.999788868638697870
0.999776609038674602
0.999763851671169324
0.999750966563426546
0.999738321752909442
0.999726426921321631
0.999715687164656197
0.999706491898713523
0.999699242828000045
0.999694225824718119
0.999691632601344971
0.999691612427465848
0.999694188249263038
0.999699211007173072
0.999706542555186428
0.999715850425201169
0.999726725453519038
0.999738776262531270
0.999751468363468510
0.999764366941665150
0.999776940036894435
0.999788798066827966
0.999799556417036994
0.999808938554440418
0.999816727072512346
0.999822906121775046
0.999827498345929322
0.999830599228665573
0.999832448086477754
0.999833272523757088
0.999833408901503073
0.999833100370129513
0.999832595630796295
0.999832151964439086
0.999831847872008517
0.999831729996908725
0.999831750554656007
0.999831735369877794
0.999831514889958139
0.999830780398705210
0.999829244596548650
0.999826679609015834
0.999822843588434540
0.999817632361509001
0.999811053158398244
0.999803202212980580
0.999794348921761999
0.999784861277095427
0.999775241444049056
0.999766030256338256
0.999757763401958321
0.999751028451502877
0.999746251164073674
0.999743776351219471
0.999743731407166880
0.999746151277815187
0.999750757193368922
0.999757235320767212
0.999765036653826655
0.999773559646720322
0.999782192254834778
0.999790312938347081
0.999797450232475349
0.999803200506172440
0.999807432255895412
0.999810076114795998
0.999811340507742674
0.999811491827535037
0.999810879040975098
0.999809902321070698
0.999808808211813282
0.999807897623842923
0.999807193244644510
0.999806565085554322
0.999805832157083296
0.999804652655680082
0.999802624167232201
0.999799463031917912
0.999795004176627478
0.999789180471570282
0.999782233941898690
0.999774580745736441
0.999766849662390156
0.999759658640536175
0.999753758540196991
0.999749751433968381
0.999747983600362433
0.999748633384986207
0.999751446226429752
0.999755979516683047
0.999761542391178981
0.999767400899077563
0.999772715972266468
0.999776968236893882
0.999779745237347806
0.999780994942650159
0.999780903170557900
0.999779846337064737
0.999778329166364554
0.999776701287788505
0.999775246541627860
0.999773967063208313
0.999772652430097719
0.999770873347181732
0.999768183107681452
0.999764287128304341
0.999759067153302650
0.999752801629728571
0.999746009432082805
0.999739504062258533
0.999734147968010411
0.999730687930808437
0.999729491096257861
0.999730539656741857
0.999733279306506240
0.999736944884770495
0.999740530637737601
0.999743198920147513
0.999744467390686897
0.999744220983283971
0.999742783777171629
0.999740691497789657
0.999738459683022773
0.999736379813227716
0.999734402910365416
0.999732170669500486
0.999729139013442292
0.999724904415967397
0.999719427981823561
0.999713142461222448
0.999706911883140648
0.999701826410268723
0.999698648333864792
0.999697746732401527
0.999698701399192924
0.999700631046004595
0.999702362514290233
0.999703016650129395
0.999702134726781821
0.999699962478939663
0.999697105315970780
0.999694137220549228
0.999691358551985876
0.999688454740063182
0.999684874006043112
0.999680096525062067
0.999674157017923948
0.999667818770236583
0.999662180381180598
0.999658378825746818
0.999656758187632777
0.999656743054121999
0.999657140564584878
0.999656648167502881
0.999654663951459743
0.999651401487334779
0.999647622501456445
0.999643854943881527
0.999640117837630071
0.999635776927086495
0.999630280200425325
0.999623737412093871
0.999617218127543117
0.999612123016775489
0.999609142366987835
0.999607752802291416
0.999606507338762440
0.999604072853486625
