0.000004002720793614
0.000004010802417098
0.000004024100430496
0.000004042281540517
0.000004064932005698
0.000004091934977195
0.000004122639743429
0.000004156591972825
0.000004193371284740
0.000004232595827570
0.000004273940359408
0.000004317137353293
0.000004362841718744
0.000004409151671250
0.000004457723225417
0.000004507539680681
0.000004557436462927
0.000004609397225844
0.000004662334113611
0.000004716188319089
0.000004770912332961
0.000004826468814245
0.000004882826478643
0.000004939960724676
0.000004997852839550
0.000005056485385802
0.000005115844050388
0.000005175920773988
0.000005236707757962
0.000005299483745535
0.000005361678375421
0.000005424567989083
0.000005489461252494
0.000005553736527441
0.000005620026535533
0.000005685687387518
0.000005753373484113
0.000005820417262973
0.000005889509244305
0.000005959312819045
0.000006028469597433
0.000006099727964092
0.000006171748542174
0.000006244568660124
0.000006318250080026
0.000006392874906375
0.000006470190286032
0.000006557565159872
0.000006646181111580
0.000006741576394719
0.000006825017933048
0.000006901276269970
0.000006978477158840
0.000007054123226214
0.000007130402982627
0.000007207316150520
0.000007284861116233
0.000007363038614060
0.000007441849280289
0.000007521294966921
0.000007601375588851
0.000007682088266493
0.000007763435389121
0.000007845420537615
0.000007928040025766
0.000008011292089622
0.000008095181264427
0.000008179707978414
0.000008264868981787
0.000008350664377252
0.000008437096033551
0.000008524165224843
0.000008611870211112
0.000008700207511439
0.000008789180743402
0.000008878794209205
0.000008969040678000
0.000009059917394904
0.000009151434485017
0.000009243590636614
0.000009336375568789
0.000009429795615831
0.000009523858567970
0.000009618556030777
0.000009713886102172
0.000009809857528277
0.000009906469459755
0.000010003718903118
0.000010101609762444
0.000010200142636556
0.000010299319171267
0.000010399144181092
0.000010499613992639
0.000010600728744859
0.000010702500066753
0.000010804926277647
0.000010907998485255
0.000011011728287104
0.000011116124780110
0.000011221175452460
