11.151833216773125557
11.154408731444341640
11.158698935257923779
11.164701141600231082
11.172424302179688738
11.181867232722026984
11.193017510727692354
11.205883633628079821
11.220476577653961670
11.236780944409771266
11.254792245936947381
11.274528894691012937
11.295986720771026057
11.319149957653687366
11.344029678843606135
11.370634615578294913
11.398951712429429506
11.428980105603345763
11.460729307915059394
11.494195400382977823
11.529375509555444879
11.566272876217457366
11.604884499377691398
11.645212472985921437
11.687261181380401709
11.731021587871701684
11.776493356843900528
11.823689688891807492
11.872603028189677943
11.923221271433360968
11.975559489510828826
12.029623122181966721
12.085393482239638274
12.142874106615179741
12.202081150660660569
12.263003552471342772
12.325632164774066979
12.389980321915617267
12.456048765180129934
12.523827322074646773
12.593320417031316438
12.664531259131795338
12.737455349869101440
12.812095625703426194
12.888451346101689410
12.966517195019775954
13.046300686003702296
13.127803617255720425
13.211013449573782097
13.295935476470740255
13.382581759294605916
13.470939137669326158
13.561000960533743154
13.652784273481518795
13.746286923120690560
13.841493074048953460
13.938412175008883409
14.037053478377167437
14.137404090873186391
14.239462538344376696
14.343239088772243406
14.448729026016971844
14.555927999910892368
14.664841502826929442
14.775467005842912727
14.887802594269922807
15.001853856390200193
15.117615920476080049
15.235084514710205639
15.354269568943760049
15.475169180391617374
15.597771811768827988
15.722086100396378328
15.848119509145597306
15.975858324893888351
16.105301819197386237
16.236463369473263185
16.369336249089972313
16.503911427553486391
16.640199101706219409
16.778200863217019645
16.917907221404270501
17.059322239785799979
17.202449916454273904
17.347283687483610493
17.493825572826668946
17.642079212742181937
17.792037900728143285
17.943703287824362747
18.097081754945744336
18.252165553061075798
18.408952055501842437
18.567451337411107204
18.727659426477252680
18.889567489811014411
19.053184107603193809
19.218512441314828720
19.385542057492148871
19.554275429333657144
19.724719584213790569
