0.924901612989479593
0.925073586051507468
0.925244717383078452
0.925415003503691547
0.925584345598309488
0.925752697344991771
0.925919962130325014
0.926086083504529367
0.926251002788993860
0.926414653999215743
0.926576943349567084
0.926737865930678528
0.926897337986953840
0.927055294029987098
0.927211701631185714
0.927366484918474510
0.927519615801908559
0.927671061710871880
0.927820770322470123
0.927968681163028886
0.928114764728255937
0.928258982995306847
0.928401347141026290
0.928541787036143873
0.928680253033505099
0.928816786783446480
0.928951297100109263
0.929083837087944286
0.929214340125225524
0.929342800086282894
0.929469227740746251
0.929593601906761102
0.929715922388314908
0.929836158379148237
0.929954353379931487
0.930070500407515488
0.930184605851800295
0.930296643564279768
0.930406662929350814
0.930514660510975422
0.930620659817188223
0.930724676910673510
0.930826734525456612
0.930926844371126161
0.931025022216992126
0.931121325429576041
0.931215745782680959
0.931308341008243779
0.931399126155340595
0.931488136199256300
0.931575412913692835
0.931660983773184848
0.931744859822741245
0.931827105126188382
0.931907781714933048
0.931986871008426587
0.932064461318676263
0.932140548575559946
0.932215230690985663
0.932288477846773156
0.932360362429928702
0.932430920355415860
0.932500213040664439
0.932568236981967780
0.932635078733192513
0.932700709660238880
0.932765235378017032
0.932828652675076642
0.932890995676357249
0.932952330985908129
0.933012636351561286
0.933071972684363482
0.933130389444043917
0.933187867413196370
0.933244439928628600
0.933300150713712529
0.933355005052388109
0.933409042854124404
0.933462226314063281
0.933514636786314078
0.933566250735845538
0.933617039415274075
0.933667084754783327
0.933716344334991399
0.933764805537632747
0.933812503744407052
0.933859403573950031
0.933905514325683583
0.933950804648872590
0.933995292563299717
0.934038901750479433
0.934081696577986120
0.934123592283714665
0.934164582348121497
0.934204632518264799
0.934243723251386937
0.934281839503060874
0.934318893037418552
0.934354912513014502
0.934389805180447675
0.934423565258757916
0.934456137104576978
0.934487463802134433
0.934517530966994192
0.934546262310574916
0.934573636818922693
0.934599568226140098
0.934624041324154886
0.934647003437092949
0.934668404461660884
0.934688190543762731
0.934706310649548011
0.934722714896525919
0.934737380344077828
0.934750228217794188
0.934761213677717917
0.934770340534976096
0.934777522709329345
0.934782742824718293
0.934785964457851448
0.934787158523210926
0.934786290636739126
0.934783335293092876
0.934778270174686066
0.934771086038435284
0.934761766062413901
0.934750301258574834
0.934736693939273944
0.934720951193307781
0.934703072112012090
0.934683088003745555
0.934660974101360176
0.934636812819004015
0.934610589309203599
0.934582366137401310
0.934552182034419698
0.934520106164185793
0.934486180514658593
0.934450458358751623
0.934413044243876389
0.934373955537022849
0.934333343727451693
0.934291292592262956
0.934247861466669494
0.934203168297971009
0.934157356373270908
0.934110490847456010
0.934062735296138924
0.934014235932649428
0.933965068398503129
0.933915424769979463
0.933865414821061113
0.933815209634692112
0.933764938789904297
0.933714807849256090
0.933664932495499089
0.933615512155023586
0.933566645372462367
0.933518568688410766
0.933471443799113398
0.933425398196660039
0.933380642993200005
0.933337318642940894
0.933295617958378565
0.933255682531067166
0.933217683999210457
0.933181811499159464
0.933148166455921579
0.933116949024499820
0.933088271966414196
0.933062309579900773
0.933039157043573320
0.933018971561097699
0.933001878716475552
0.932987955607558095
0.932977343809445858
0.932970114420567542
0.932966341480572225
0.932966155455750901
0.932969532055680006
0.932976594938400905
0.932987344375260208
0.933001835480772423
0.933020051070775791
0.933042022662133985
0.933067759046429579
0.933097183711670275
0.933130303890701507
0.933167047687791240
0.933207391914540163
0.933251236004117080
0.933298500209044701
0.933349107670816580
0.933402925314472776
0.933459836183840652
0.933519735252987704
0.933582484302614368
0.933647912763488463
0.933715883371491140
0.933786204561906197
0.933858719507379975
0.933933275383831418
0.934009633081064439
0.934087634166245739
0.934167101643384790
0.934247821685500135
0.934329577202139050
0.934412213600159247
0.934495491047688809
0.934579226028146692
0.934663239085814723
0.934747308398518606
0.934831263538488222
0.934914938258439521
0.934998123481314281
0.935080647888076211
0.935162379099718222
0.935243135768985656
0.935322793439105848
0.935401227965553139
0.935478291814374807
0.935553876257732120
0.935627906813801480
0.935700274912134811
0.935770908888310271
0.935839744921830197
0.935906751226023070
0.935971899922397710
0.936035126856031297
0.936096444121826354
0.936155867003372055
0.936213379190473982
0.936269038328407022
0.936322891658167067
0.936374938476073337
0.936425258793488591
0.936473930857847137
0.936521019848842062
0.936566599817496015
0.936610759101759061
0.936653553959699625
0.936695118783978042
0.936735537073309699
0.936774892130513903
0.936813268214894856
0.936850767941154738
0.936887502808140926
0.936923496600373551
0.936958860842575403
0.936993657607619546
0.937027956453941102
0.937061794151310412
0.937095188696833836
0.937128221714383480
0.937160864737053290
0.937193134944162898
0.937225028000043592
0.937256511695521599
0.937287533353077684
0.937318072996104368
0.937348038274063211
0.937377386786399258
0.937405958565325492
0.937433706936707467
0.937460506186781894
0.937486226696435554
0.937510727675631150
0.937533871770534599
0.937555527447448300
0.937575506571052153
0.937593707740024263
0.937609907079770100
0.937624034005107632
0.937635890735857735
0.937645329758831081
0.937652264583482165
0.937656536558892029
0.937658049315929332
0.937656722795730424
0.937652469388718268
0.937645260026514715
0.937635042935948237
0.937621811570024888
0.937605593433911144
0.937586440664124221
0.937564409837803536
0.937539615507215429
0.937512183914427144
0.937482273855962611
0.937450045000401522
0.937415784633614302
0.937379667090506574
0.937341992692630410
0.937303069014653656
0.937263168785552381
0.937222641810909529
0.937181874390395131
0.937141180213038827
0.937100989803311468
0.937061621759016417
0.937023507502752873
0.936987021360519368
0.936952510840388997
0.936920364671273487
0.936890931251930459
0.936864545006613314
0.936841529019688535
0.936822127270615979
0.936806624903025464
0.936795229012740038
0.936788127286764527
0.936785434342840118
0.936787288991949851
0.936793732177658711
0.936804750817421206
0.936820344617288470
0.936840395600949227
0.936864821252126334
0.936893430426686491
0.936926025443883925
0.936962323502235184
0.937002063873866420
0.937044969839724851
0.937090662363370241
0.937138773661089997
0.937188933489876308
0.937240766254349045
0.937293828849708244
0.937347794938729217
0.937402222956014275
0.937456758590565542
0.937511004076899801
0.937564639661783050
0.937617384724434233
0.937668918086139058
0.937718997244825214
0.937767442983776678
0.937814072136343047
0.937858761426726528
0.937901430737593245
0.937942062774027363
0.937980607081719930
0.938017157016257874
0.938051795906580610
0.938084607242960944
0.938115727074404937
0.938145332817439614
0.938173604108762271
0.938200729584822590
0.938226887402038634
0.938252279980506643
0.938277077950410932
0.938301426652652482
0.938325467433606342
0.938349344784335293
0.938373080222530631
0.938396709322628531
0.938420253495692802
0.938443626654422713
0.938466736035473592
0.938489452222640352
0.938511552462824694
0.938532822133592903
0.938552990078356131
0.938571754947333470
0.938588827978352525
0.938603832718461817
0.938616486799053629
0.938626419364462894
0.938633366306530159
0.938637025145366843
0.938637141498348204
0.938633579509082550
0.938626167417397905
0.938614864372920854
0.938599719724432346
0.938580806656765021
0.938558336041245722
0.938532561029476242
0.938503877355487126
0.938472723025689293
0.938439632357010334
0.938405196364812011
0.938370031024505780
0.938334844269056112
0.938300358786848365
0.938267305105983218
0.938236404424077408
0.938208306791296964
0.938183696431566405
0.938163143044666081
0.938147155151251022
0.938136115326700271
0.938130333369004754
0.938129990164131677
0.938135149886717090
0.938145727816444674
0.938161548514513388
0.938182294369402259
0.938207565781218666
0.938236819689659995
0.938269499731195555
0.938304939978750530
0.938342426395247342
0.938381314403400779
0.938420866359912953
0.938460433260639659
0.938499402943196892
0.938537246107683520
0.938573520398866323
0.938607870237982644
0.938640077103311987
0.938669999410713607
0.938697630261616234
0.938723049403290433
0.938746485065236391
0.938768118798174456
0.938788328596770860
0.938807413148891601
0.938825734849601079
0.938843586151281051
0.938861264028296838
0.938878962027362873
0.938896767027031065
0.938914670331894019
0.938932579206011031
0.938950225911097003
0.938967294793693452
0.938983336824596448
0.938997763778012917
0.939010032567561437
0.939019535947367423
0.939025663837710578
0.939027915385139633
0.939025847545375991
0.939019127124764985
0.939007641461861553
0.938991463449663999
0.938970837223141341
0.938946246823375574
0.938918396258601851
0.938888137327190342
0.938856516518722373
0.938824690091293546
0.938793904901691456
0.938765322383507406
0.938740138952159686
0.938719385216378543
0.938703955904571563
0.938694479376950275
0.938691323456284699
0.938694601636793524
0.938704112617212427
0.938719380631555689
0.938739705747727582
0.938764168884407946
0.938791684274324467
0.938821163412879023
0.938851417799301480
0.938881480537631985
0.938910365466690156
0.938937406987420675
0.938962132572661812
0.938984271014431937
0.939003884232821662
0.939021207181789497
0.939036644484331329
0.939050740113103410
0.939064012951778326
0.939077003605300775
0.939090095454151341
0.939103482170193571
0.939117126407857827
0.939130713512015824
0.939143695049983962
0.939155267458401055
0.939164533813191760
0.939170492672380841
0.939172208334885572
0.939168879909930587
0.939160016663071584
0.939145524538715137
0.939125666125045333
0.939101192419481201
0.939073343794367021
0.939043650310474765
0.939013943350141433
0.938986122681118474
0.938962066846552590
0.938943364875411746
0.938931230304719588
0.938926352840620315
0.938928862035700695
0.938938255360740937
0.938953555333888801
0.938973298512088994
0.938995860908581115
0.939019460091236491
0.939042578830740049
0.939063919637998956
0.939082683967100040
0.939098552279151955
0.939111720330637390
0.939122726932184348
0.939132416269045200
0.939141563513096633
0.939150855479117141
0.939160632440828924
0.939170649295521298
0.939180256838507810
0.939188282409460173
0.939193304287129882
0.939193792625185764
0.939188526475319030
0.939176779596948563
0.939158569231230977
0.939134775967660373
0.939107151425683906
0.939078168116042611
0.939050551815720169
0.939027099311531055
0.939010136862680866
0.939001141683936003
0.939000593326778099
0.939007744992898852
0.939021028425902848
0.939038099048624897
0.939056465419927822
0.939073888501903431
0.939088797916004747
0.939100485396744400
0.939109203497774048
0.939115849482253684
0.939121654248919135
0.939127592995831706
0.939134114087733729
0.939140721365537945
0.939146002055597395
0.939147929708313511
0.939144376832718786
0.939133726413157288
0.939115620138269325
0.939091066979888200
0.939062780348834281
0.939034382140871204
0.939009880249650264
0.938992682942487500
0.938984720407418316
0.938986005130548085
0.938994723855590019
0.939007703310095310
0.939021511153380617
0.939033303825222987
0.939041630055598264
0.939046625667509405
0.939049619344420439
0.939052251953499173
0.939055505197168072
0.939058909361902727
0.939060477829712803
0.939057289652873939
0.939046656182877193
0.939027540540008143
0.939001362018190844
0.938972067931937215
0.938945027471653981
0.938925310315666617
0.938915881899161087
0.938916495469421797
0.938924098586513045
0.938934022097938636
0.938942091566112857
0.938946289962032443
0.938947125602898058
0.938946666839870714
0.938946674970938200
0.938946931478876090
0.938944690726156939
0.938935943518987126
0.938917944727453269
0.938891393914368821
0.938861122408443882
0.938834269362005980
0.938817077635683783
0.938811564564449363
0.938814893760099634
0.938821070869755192
0.938824729908515399
0.938824042787097857
0.938820743186142392
0.938817517848000493
0.938814585745096464
0.938808325572960234
0.938793662393073713
0.938768549699115940
0.938737145090682623
0.938708324205943412
0.938690286346812508
0.938684880825402135
0.938686800060756998
