0.000000049672865478
0.000000049744371899
0.000000049816060813
0.000000049887932958
0.000000049959989078
0.000000050032229919
0.000000050104656231
0.000000050177268769
0.000000050250068291
0.000000050323055561
0.000000050396231345
0.000000050469596414
0.000000050543151543
0.000000050616897510
0.000000050690835099
0.000000050764965098
0.000000050839288299
0.000000050913805496
0.000000050988517491
0.000000051063425088
0.000000051138529096
0.000000051213830329
0.000000051289329603
0.000000051365027742
0.000000051440925572
0.000000051517023924
0.000000051593323634
0.000000051669825541
0.000000051746530492
0.000000051823439335
0.000000051900552924
0.000000051977872119
0.000000052055397782
0.000000052133130783
0.000000052211071993
0.000000052289222292
0.000000052367582562
0.000000052446153691
0.000000052524936571
0.000000052603932099
0.000000052683141179
0.000000052762564717
0.000000052842203627
0.000000052922058826
0.000000053002131238
0.000000053082421789
0.000000053162931414
0.000000053243661050
0.000000053324611642
0.000000053405784139
0.000000053487179495
0.000000053568798670
0.000000053650642629
0.000000053732712343
0.000000053815008788
0.000000053897532946
0.000000053980285805
0.000000054063268357
0.000000054146481601
0.000000054229926541
0.000000054313604189
0.000000054397515558
0.000000054481661672
0.000000054566043558
0.000000054650662250
0.000000054735518787
0.000000054820614214
0.000000054905949583
0.000000054991525953
0.000000055077344386
0.000000055163405952
0.000000055249711729
0.000000055336262797
0.000000055423060247
0.000000055510105174
0.000000055597398678
0.000000055684941868
0.000000055772735859
0.000000055860781771
0.000000055949080732
0.000000056037633877
0.000000056126442347
0.000000056215507289
0.000000056304829859
0.000000056394411217
0.000000056484252532
0.000000056574354979
0.000000056664719740
0.000000056755348006
0.000000056846240972
0.000000056937399842
0.000000057028825826
0.000000057120520144
0.000000057212484020
0.000000057304718688
0.000000057397225387
0.000000057490005366
0.000000057583059879
0.000000057676390190
0.000000057769997569
0.000000057863883295
0.000000057958048653
0.000000058052494939
0.000000058147223452
0.000000058242235504
0.000000058337532413
0.000000058433115503
0.000000058528986110
0.000000058625145575
0.000000058721595250
0.000000058818336492
0.000000058915370670
0.000000059012699160
0.000000059110323344
0.000000059208244617
0.000000059306464381
0.000000059404984044
0.000000059503805028
0.000000059602928759
0.000000059702356674
0.000000059802090220
0.000000059902130852
0.000000060002480034
0.000000060103139239
0.000000060204109950
0.000000060305393659
0.000000060406991869
0.000000060508906089
0.000000060611137841
0.000000060713688655
0.000000060816560071
0.000000060919753640
0.000000061023270921
0.000000061127113484
0.000000061231282909
0.000000061335780786
0.000000061440608716
0.000000061545768309
0.000000061651261186
0.000000061757088979
0.000000061863253330
0.000000061969755893
0.000000062076598329
0.000000062183782315
0.000000062291309534
0.000000062399181684
0.000000062507400472
0.000000062615967616
0.000000062724884847
0.000000062834153905
0.000000062943776544
0.000000063053754527
0.000000063164089631
0.000000063274783643
0.000000063385838364
0.000000063497255603
0.000000063609037186
0.000000063721184948
0.000000063833700737
0.000000063946586413
0.000000064059843849
0.000000064173474930
0.000000064287481555
0.000000064401865634
0.000000064516629092
0.000000064631773864
0.000000064747301901
0.000000064863215165
0.000000064979515634
0.000000065096205297
0.000000065213286158
0.000000065330760232
0.000000065448629553
0.000000065566896163
0.000000065685562122
0.000000065804629503
0.000000065924100394
0.000000066043976895
0.000000066164261123
0.000000066284955209
0.000000066406061298
0.000000066527581551
0.000000066649518144
0.000000066771873266
0.000000066894649124
0.000000067017847940
0.000000067141471951
0.000000067265523408
0.000000067390004581
0.000000067514917754
0.000000067640265228
0.000000067766049319
0.000000067892272361
0.000000068018936704
0.000000068146044714
0.000000068273598775
0.000000068401601287
0.000000068530054668
0.000000068658961353
0.000000068788323793
0.000000068918144459
0.000000069048425838
0.000000069179170437
0.000000069310380779
0.000000069442059406
0.000000069574208878
0.000000069706831775
0.000000069839930695
0.000000069973508253
0.000000070107567087
0.000000070242109851
0.000000070377139220
0.000000070512657888
0.000000070648668569
0.000000070785173997
0.000000070922176928
0.000000071059680135
0.000000071197686413
0.000000071336198579
0.000000071475219470
0.000000071614751943
0.000000071754798879
0.000000071895363178
0.000000072036447763
0.000000072178055578
0.000000072320189592
0.000000072462852792
0.000000072606048190
0.000000072749778822
0.000000072894047745
0.000000073038858040
0.000000073184212810
0.000000073330115185
0.000000073476568315
0.000000073623575378
0.000000073771139572
0.000000073919264124
0.000000074067952283
0.000000074217207324
0.000000074367032547
0.000000074517431278
0.000000074668406868
0.000000074819962695
0.000000074972102163
0.000000075124828703
0.000000075278145771
0.000000075432056853
0.000000075586565459
0.000000075741675130
0.000000075897389432
0.000000076053711962
0.000000076210646342
0.000000076368196226
0.000000076526365296
0.000000076685157262
0.000000076844575866
0.000000077004624877
0.000000077165308096
0.000000077326629355
0.000000077488592515
0.000000077651201471
0.000000077814460145
0.000000077978372495
0.000000078142942510
0.000000078308174209
0.000000078474071647
0.000000078640638911
0.000000078807880119
0.000000078975799427
0.000000079144401021
0.000000079313689125
0.000000079483667995
0.000000079654341923
0.000000079825715239
0.000000079997792304
0.000000080170577519
0.000000080344075321
0.000000080518290184
0.000000080693226618
0.000000080868889172
0.000000081045282434
0.000000081222411028
0.000000081400279620
0.000000081578892914
0.000000081758255654
0.000000081938372624
0.000000082119248648
0.000000082300888593
0.000000082483297367
0.000000082666479918
0.000000082850441240
0.000000083035186366
0.000000083220720376
0.000000083407048392
0.000000083594175580
0.000000083782107151
0.000000083970848362
0.000000084160404516
0.000000084350780962
0.000000084541983093
0.000000084734016355
0.000000084926886236
0.000000085120598277
0.000000085315158065
0.000000085510571237
0.000000085706843480
0.000000085903980533
0.000000086101988184
0.000000086300872274
0.000000086500638695
0.000000086701293393
0.000000086902842368
0.000000087105291672
0.000000087308647413
0.000000087512915753
0.000000087718102913
0.000000087924215166
0.000000088131258845
0.000000088339240342
0.000000088548166104
0.000000088758042639
0.000000088968876515
0.000000089180674360
0.000000089393442864
0.000000089607188778
0.000000089821918916
0.000000090037640155
0.000000090254359437
0.000000090472083768
0.000000090690820220
0.000000090910575930
0.000000091131358105
0.000000091353174018
0.000000091576031011
0.000000091799936495
0.000000092024897954
0.000000092250922939
0.000000092478019076
0.000000092706194065
0.000000092935455676
0.000000093165811757
0.000000093397270230
0.000000093629839094
0.000000093863526426
0.000000094098340381
0.000000094334289192
0.000000094571381174
0.000000094809624723
0.000000095049028317
0.000000095289600517
0.000000095531349969
0.000000095774285404
0.000000096018415639
0.000000096263749580
0.000000096510296219
0.000000096758064641
0.000000097007064018
0.000000097257303617
0.000000097508792798
0.000000097761541012
0.000000098015557810
0.000000098270852836
0.000000098527435835
0.000000098785316647
0.000000099044505217
0.000000099305011589
0.000000099566845910
0.000000099830018432
0.000000100094539514
0.000000100360419619
0.000000100627669320
0.000000100896299300
0.000000101166320354
0.000000101437743388
0.000000101710579423
0.000000101984839596
0.000000102260535160
0.000000102537677488
0.000000102816278074
0.000000103096348531
0.000000103377900598
0.000000103660946139
0.000000103945497144
0.000000104231565732
0.000000104519164152
0.000000104808304785
0.000000105099000147
0.000000105391262888
0.000000105685105796
0.000000105980541799
0.000000106277583966
0.000000106576245508
0.000000106876539783
0.000000107178480295
0.000000107482080698
0.000000107787354795
0.000000108094316546
0.000000108402980064
0.000000108713359620
0.000000109025469645
0.000000109339324733
0.000000109654939641
0.000000109972329292
0.000000110291508782
0.000000110612493375
0.000000110935298509
0.000000111259939799
0.000000111586433041
0.000000111914794209
0.000000112245039464
0.000000112577185152
0.000000112911247809
0.000000113247244163
0.000000113585191139
0.000000113925105856
0.000000114267005638
0.000000114610908010
0.000000114956830705
0.000000115304791665
0.000000115654809045
0.000000116006901217
0.000000116361086772
0.000000116717384523
0.000000117075813510
0.000000117436393001
0.000000117799142497
0.000000118164081737
0.000000118531230699
0.000000118900609603
0.000000119272238918
0.000000119646139365
0.000000120022331918
0.000000120400837810
0.000000120781678539
0.000000121164875868
0.000000121550451831
0.000000121938428740
0.000000122328829183
0.000000122721676035
0.000000123116992458
0.000000123514801909
0.000000123915128140
0.000000124317995208
0.000000124723427476
0.000000125131449620
0.000000125542086633
0.000000125955363831
0.000000126371306857
0.000000126789941686
0.000000127211294635
0.000000127635392361
0.000000128062261873
0.000000128491930533
0.000000128924426067
0.000000129359776566
0.000000129798010496
0.000000130239156701
0.000000130683244411
0.000000131130303249
0.000000131580363238
0.000000132033454803
0.000000132489608785
0.000000132948856443
0.000000133411229463
0.000000133876759965
0.000000134345480511
0.000000134817424110
0.000000135292624232
0.000000135771114807
0.000000136252930241
0.000000136738105419
0.000000137226675719
0.000000137718677012
0.000000138214145681
0.000000138713118623
0.000000139215633258
0.000000139721727545
0.000000140231439983
0.000000140744809627
0.000000141261876097
0.000000141782679583
0.000000142307260864
0.000000142835661312
0.000000143367922906
0.000000143904088241
0.000000144444200541
0.000000144988303672
0.000000145536442151
0.000000146088661158
0.000000146645006552
0.000000147205524880
0.000000147770263392
0.000000148339270056
0.000000148912593564
0.000000149490283358
0.000000150072389633
0.000000150658963357
0.000000151250056286
0.000000151845720978
0.000000152446010809
0.000000153050979989
0.000000153660683578
0.000000154275177502
0.000000154894518574
0.000000155518764505
0.000000156147973928
0.000000156782206415
0.000000157421522491
0.000000158065983661
0.000000158715652424
0.000000159370592296
0.000000160030867828
0.000000160696544632
0.000000161367689398
0.000000162044369919
0.000000162726655112
0.000000163414615043
0.000000164108320952
0.000000164807845274
0.000000165513261668
0.000000166224645040
0.000000166942071571
0.000000167665618747
0.000000168395365379
0.000000169131391641
0.000000169873779094
0.000000170622610715
0.000000171377970933
0.000000172139945658
0.000000172908622312
0.000000173684089866
0.000000174466438869
0.000000175255761492
0.000000176052151555
0.000000176855704571
0.000000177666517778
0.000000178484690186
0.000000179310322610
0.000000180143517717
0.000000180984380065
0.000000181833016147
0.000000182689534439
0.000000183554045444
0.000000184426661740
0.000000185307498027
0.000000186196671182
0.000000187094300305
0.000000188000506779
0.000000188915414318
0.000000189839149027
0.000000190771839460
0.000000191713616678
0.000000192664614314
0.000000193624968630
0.000000194594818589
0.000000195574305919
0.000000196563575181
0.000000197562773842
0.000000198572052348
0.000000199591564199
0.000000200621466027
0.000000201661917677
0.000000202713082291
0.000000203775126390
0.000000204848219963
0.000000205932536560
0.000000207028253385
0.000000208135551390
0.000000209254615379
0.000000210385634105
0.000000211528800384
0.000000212684311197
0.000000213852367809
0.000000215033175882
0.000000216226945599
0.000000217433891788
0.000000218654234047
0.000000219888196884
0.000000221136009851
0.000000222397907686
0.000000223674130461
0.000000224964923736
0.000000226270538716
0.000000227591232411
0.000000228927267809
0.000000230278914049
0.000000231646446602
0.000000233030147458
0.000000234430305319
0.000000235847215803
0.000000237281181650
0.000000238732512938
0.000000240201527306
0.000000241688550190
0.000000243193915056
0.000000244717963658
0.000000246261046290
0.000000247823522058
0.000000249405759159
0.000000251008135169
