0.979673199782937321
0.979648023998186179
0.979629433469144217
0.979617482037371756
0.979612223454378817
0.979613709936145716
0.979622034672650410
0.979637115839511852
0.979659112453097669
0.979687998653497649
0.979723789290184777
0.979766503129502198
0.979816120902745613
0.979872697292714534
0.979936192717121179
0.980006578764294201
0.980083838440654165
0.980167965634788252
0.980258898760694386
0.980356580865789473
0.980460998751715773
0.980572053655870302
0.980689684582171650
0.980813844679419122
0.980944432011891299
0.981081347689984118
0.981224520228506591
0.981373815086460377
0.981529138274599644
0.981690381130245870
0.981857396320061859
0.982030080734000332
0.982208284741405535
0.982391847386038242
0.982580638122628414
0.982774495328054054
0.982973253362247612
0.983176736478911684
0.983384787411863637
0.983597226052218110
0.983813846224092625
0.984034486173017586
0.984258940340404953
0.984486986187136814
0.984718461256892108
0.984953136485158032
0.985190816460746244
0.985431263563327553
0.985674280207303521
0.985919640004404907
0.986167141644998413
0.986416531982096778
0.986667612806338190
0.986920128947083475
0.987173875119376043
0.987428620879106878
0.987684135429640175
0.987940203687139862
0.988196570582589029
0.988453006331075468
0.988709340239968704
0.988965300367334543
0.989220674909445430
0.989475254302078389
0.989728818647167552
0.989981134327503454
0.990232021641279880
0.990481242237992943
0.990728657544549973
0.990973992987125518
0.991217069460038958
0.991457736249650945
0.991695798185043831
0.991931071928066399
0.992163376554362264
0.992392583905946757
0.992618492843027389
0.992840983024534940
0.993059897144992876
0.993275109925039756
0.993486490040081494
0.993693926370353031
0.993897276440609323
0.994096496487181458
0.994291407515867087
0.994482007504787768
0.994668134127490888
0.994849807743848680
0.995026903110932781
0.995199389713115390
0.995367233545127350
0.995530383646538231
0.995688829101370687
0.995842568448577770
0.995991570292773409
0.996135820049005916
0.996275370297384000
0.996410230586577406
0.996540414163909039
0.996665966575391193
0.996786928977956732
0.996903358975726572
0.997015333982251173
0.997122859649942961
0.997226067744895195
0.997325006848932216
0.997419770400582828
0.997510460773227359
0.997597174065778525
0.997680024228019824
0.997759077335624633
0.997834496235613599
0.997906362865081276
0.997974840485491232
0.998040025562861199
0.998101972879488986
0.998160939211629405
0.998216970219535371
0.998270256382506882
0.998320847092218355
0.998368953822920013
0.998414653255752182
0.998458095905241150
0.998499426343813834
0.998538727671331561
0.998576171823802983
0.998611858825578236
0.998645899640562829
0.998678406383097017
0.998709516935380903
0.998739294526140742
0.998767881452072626
0.998795365599025486
0.998821790301018919
0.998847291815506355
0.998871886210238036
0.998895699396243564
0.998918755929050772
0.998941134932854968
0.998962873818623032
0.998984015878617959
0.999004566031603036
0.999024551258296256
0.999044023444869311
0.999062935224715565
0.999081345594861503
0.999099182674845987
0.999116482212136003
0.999133151371189077
0.999149220736079813
0.999164622248515766
0.999179343512590190
0.999193246072719310
0.999206337022546576
0.999218572550158668
0.999229787010281756
0.999239979373088727
0.999249030050596065
0.999256883837383092
0.999263430441110656
0.999268596389564778
0.999272240667585021
0.999274301620155736
0.999274690944125465
0.999273306193034783
0.999270039851749337
0.999264791672744512
0.999257511747511762
0.999248048259886112
0.999236358699093330
0.999222337438873121
0.999205914828696140
0.999187042921488966
0.999165654686824944
0.999141658918644815
0.999115059946304895
0.999085787956952132
0.999053835737698015
0.999019163510296626
0.998981756260301390
0.998941666759229463
0.998898883801238258
0.998853432358118187
0.998805353378120153
0.998754726540520665
0.998701605673991577
0.998646052161127562
0.998588195715017668
0.998528153287875808
0.998465981364269228
0.998401934405959701
0.998336041660853546
0.998268545547267738
0.998199621961359029
0.998129400978709169
0.998058156428574206
0.997986055970275898
0.997913352286268540
0.997840243789865911
0.997767000426337369
0.997693881590642651
0.997621106898809340
0.997548981667337409
0.997477740503241672
0.997407649782831141
0.997339015970798326
0.997272117889979826
0.997207197291096414
0.997144533342012029
0.997084393819067549
0.997027062557284571
0.996972782549915171
0.996921807805872251
0.996874376454090605
0.996830716344952905
0.996791053685719963
0.996755589214667448
0.996724533927352496
0.996698015902242829
0.996676208438674105
0.996659277167875057
0.996647303404534335
0.996640424424117710
0.996638668225690139
0.996642120896800598
0.996650813405741243
0.996664759396004629
0.996683906614460269
0.996708209102422305
0.996737659162927336
0.996772122281529449
0.996811529788018236
0.996855687499671683
0.996904472196821434
0.996957696194438525
0.997015146331188595
0.997076611418417746
0.997141856041789731
0.997210597577060098
0.997282564267724658
0.997357458553541965
0.997435004509019341
0.997514832659664008
0.997596659529681795
0.997680147227927083
0.997764936622821841
0.997850730272796138
0.997937095429953902
0.998023805875500769
0.998110426758251457
0.998196668655301100
0.998282220663659681
0.998366751087676030
0.998449935223565843
0.998531551775390769
0.998611277607060033
0.998688864902690376
0.998764102210518923
0.998836779635613903
0.998906704106723220
0.998973729186916959
0.999037680167909614
0.999098462400564102
0.999156029911144383
0.999210254897152761
0.999261158020118723
0.999308705152556098
0.999352933830902956
0.999393872364202296
0.999431593979406285
0.999466207093323122
0.999497786074275973
0.999526506604090148
0.999552470609639143
0.999575848280108148
0.999596825929590316
0.999615597483090035
0.999632335988446474
0.999647259825459877
0.999660512601931561
0.999672348513701126
0.999682974209480379
0.999692496742511594
0.999701170368719860
0.999709115415846727
0.999716521299952143
0.999723469882019988
0.999730133374416963
0.999736577027186324
0.999742915392174081
0.999749157036784686
0.999755332083159365
0.999761483484383984
0.999767550509810476
0.999773495943855561
0.999779278360441337
0.999784818922164642
0.999789966486467674
0.999794627173242967
0.999798664412109295
0.999801902994772562
0.999804168076092514
0.999805303338364593
0.999805146863268379
0.999803518115261802
0.999800219390582834
0.999795081491448911
0.999787998634983466
0.999778796682395554
0.999767363224175143
0.999753596665655886
0.999737443730351116
0.999718872051291063
0.999697869548710760
0.999674454870319029
0.999648703677016415
0.999620746984772768
0.999590680243282459
0.999558682936911858
0.999525013784388183
0.999489930685852013
0.999453665276609171
0.999416603358229461
0.999379034354474949
0.999341406342088345
0.999304037228332498
0.999267366648263877
0.999231816347739832
0.999197791019845183
0.999165739872728054
0.999136006300684998
0.999109038798799531
0.999085188798571111
0.999064747634661798
0.999048025949057505
0.999035335156676974
0.999026814440545086
0.999022657310992712
0.999022950282014599
0.999027780911565633
0.999037042960210564
0.999050748619762952
0.999068744788861984
0.999090770541837592
0.999116649477520991
0.999146025316362096
0.999178571434874430
0.999213870113950242
0.999251516556692865
0.999291019944253733
0.999331916362901085
0.999373701500777534
0.999415903503338643
0.999458049170181662
0.999499603184892504
0.999540167153344039
0.999579362153112938
0.999616762803832826
0.999652058552392697
0.999685004468154448
0.999715396702300918
0.999743058548852703
0.999767935611215575
0.999789978350321018
0.999809259638242409
0.999825833693053778
0.999839877696111601
0.999851601729860651
0.999861209357154612
0.999868943520277664
0.999875143441475434
0.999880047040386133
0.999883939839704361
0.999887110078252817
0.999889818628925342
0.999892249730803151
0.999894603944747384
0.999897012247930927
0.999899537651996795
0.999902216604945937
0.999904999710924614
0.999907807177404129
0.999910470792918060
0.999912824208976203
0.999914643722190744
0.999915661465387462
0.999915624086348265
0.999914237740099465
0.999911245322274822
0.999906420769454130
0.999899580935419197
0.999890534881822668
0.999879233072157425
0.999865652310531372
0.999849905215503543
0.999832088899095361
0.999812502371662526
0.999791460292424938
0.999769351322622568
0.999746682859654290
0.999723950793921512
0.999701764309718688
0.999680677120267869
0.999661279772304123
0.999644194958470456
0.999629879198360216
0.999618817297020845
0.999611404564469952
0.999607891422774508
0.999608445711328786
0.999613076365198916
0.999621703458880684
0.999634118879352940
0.999649961808062759
0.999668774741241495
0.999690037570207024
0.999713090400083160
0.999737307169859535
0.999762019379335398
0.999786523575877051
0.999810241873788752
0.999832573704405703
0.999853096937841412
0.999871415045038403
0.999887292486979606
0.999900639189680307
0.999911475500726121
0.999919910547054869
0.999926196351623053
0.999930645906010107
0.999933650272012309
0.999935597009123933
0.999936876850907486
0.999937811169150814
0.999938716468266042
0.999939749847926440
0.999941048440462388
0.999942547197553933
0.999944108474300597
0.999945480805512155
0.999946364248815001
0.999946377646797502
0.999945122741619286
0.999942253850447549
0.999937482240797593
0.999930579483238602
0.999921529016050470
0.999910413942926568
0.999897467680471386
0.999883160208542732
0.999868056387279269
0.999852871730741444
0.999838339637998730
0.999825299347148699
0.999814499180351812
0.999806592373685743
0.999802106661609735
0.999801360978036402
0.999804444185651953
0.999811222709987235
0.999821311796111445
0.999834103699455801
0.999848858028549947
0.999864728745425535
0.999880809643050372
0.999896243901872261
0.999910321716883432
0.999922492028995191
0.999932373956146425
0.999939864037980297
0.999945108282541573
0.999948409878388733
0.999950177832615417
0.999950985477621068
0.999951301814845706
0.999951555141819992
0.999952036462443572
0.999952792384276257
0.999953696685900395
0.999954435804717101
0.999954565749714752
0.999953547762214345
0.999950912875242293
0.999946348651068240
0.999939673934005846
0.999931063560516087
0.999920951549192916
0.999910034019685368
0.999899273390050469
0.999889662511618815
0.999882196332102513
0.999877715760460584
0.999876732987578287
0.999879391932088635
0.999885399484726656
0.999894172538572601
0.999904716914120417
0.999915923094376602
0.999926709741006170
0.999936129826085818
0.999943537515025183
0.999948681216225932
0.999951718346652196
0.999953048915081633
0.999953368802434239
0.999953270187778798
0.999953255879887815
0.999953568113574498
0.999954050252188864
0.999954275870485909
0.999953625032301563
0.999951427777040491
0.999947283533312081
0.999941169959168596
0.999933500362504946
0.999925158180356544
0.999917371536494515
0.999911374439243938
0.999908250776613050
0.999908572321687839
0.999912279690372330
0.999918693789196733
0.999926632070211374
0.999934649776745066
0.999941551761391212
0.999946521737663074
0.999949316005464439
0.999950306563353153
0.999950226336744685
0.999949897751436612
0.999949799490881364
0.999949946599004935
0.999949861795632833
0.999948786549898938
0.999945974331321485
0.999941180383058237
0.999934929808168671
0.999928327880059364
0.999922958233967818
0.999920167415904504
0.999920708676807268
0.999924392270882367
0.999930039216040956
0.999936041861117619
0.999940865378936783
0.999943671105465781
0.999944525935511419
0.999944241347993867
0.999943716310580544
0.999943489474088842
0.999943296097936196
0.999942302029927399
0.999939622027623543
0.999935092883057597
0.999929579094282595
0.999924794524562732
0.999922418313170747
0.999923321680587618
0.999926884679954719
0.999931427700757713
0.999935078832321689
0.999936749661169300
0.999936694432007944
0.999935950250048555
0.999935412056548900
0.999934965220257155
0.999933563776778778
0.999930412920254530
0.999925797800452099
0.999921405740107128
0.999919330871977485
0.999920398027866697
0.999923557471114388
0.999926569420479527
0.999927815911758944
0.999927376318547778
0.999926412157068678
0.999925699726655903
0.999924592683571256
0.999921883658863031
0.999917688689223150
0.999913970555579401
0.999912906490686981
0.999914561125286760
0.999916862205231682
0.999917633917530746
0.999916763865286051
0.999915592985790358
0.999914537096580069
0.999912404527620868
0.999908601445899881
0.999905021579268860
0.999904084841675922
0.999905449145873204
0.999906443120138322
0.999905615715230067
0.999904161036345385
0.999902762291517200
0.999900221472251216
0.999896312959017375
