0.954502337962930936
0.954511655432987327
0.954523980668787075
0.954539386416002333
0.954557831872057894
0.954579376249571343
0.954604003581823957
0.954631760418752084
0.954662620666049677
0.954696613779366210
0.954733728717177987
0.954773996182452622
0.954817376051375177
0.954863893910896544
0.954913536558270271
0.954966303693827290
0.955022154350067876
0.955081134051410374
0.955143182630104226
0.955208286971049758
0.955276419086755979
0.955347572806765410
0.955421757812922046
0.955498868320484251
0.955578945505691668
0.955661926347431523
0.955747784111827259
0.955836491027523216
0.955927990360474156
0.956022270552927877
0.956119276622685588
0.956218939491301212
0.956321258211784708
0.956426132481392410
0.956533560853978448
0.956643501741697766
0.956755848811926990
0.956870592459470370
0.956987677333669740
0.957106999810305448
0.957228548143273739
0.957352243532906044
0.957478031384273454
0.957605856176451886
0.957735650511321701
0.957867339738667667
0.958000869660093457
0.958136185045464828
0.958273181889930825
0.958411820321530827
0.958552048883762109
0.958693755312150508
0.958836913027530602
0.958981427392651242
0.959127238112569613
0.959274271256438493
0.959422477559349951
0.959571750701445625
0.959722029373810126
0.959873286914272650
0.960025403943158162
0.960178334698331803
0.960331992792364253
0.960486328288741587
0.960641271254424667
0.960796732859156899
0.960952651095644206
0.961108969331065821
0.961265649811451905
0.961422575980676486
0.961579709901287050
0.961736983176675997
0.961894356228639946
0.962051705228815557
0.962209038579937448
0.962366241458385896
0.962523307406439987
0.962680140081604629
0.962836682915963027
0.962992895108043645
0.963148726472836003
0.963304108191978870
0.963459015884506442
0.963613336956357203
0.963767072960570292
0.963920179389108123
0.964072577032897615
0.964224240593745896
0.964375120267794816
0.964525165497292392
0.964674355231330050
0.964822606577170450
0.964969916611528089
0.965116221742434721
0.965261503133193810
0.965405713432807122
0.965548797104475498
0.965690742527592239
0.965831498606713912
0.965971042865206408
0.966109361447902382
0.966246358007905037
0.966382078564236857
0.966516430255920822
0.966649421915946494
0.966781006820129019
0.966911149655552804
0.967039843074547489
0.967167025214857312
0.967292702038256902
0.967416842492530904
0.967539403036934420
0.967660371287882404
0.967779713029574773
0.967897406915135150
0.968013404369898467
0.968127728387236375
0.968240319910176672
0.968351173469190862
0.968460241560978097
0.968567516708981557
0.968672996022293176
0.968776614779584100
0.968878351411866512
0.968978240782591205
0.969076184768387416
0.969172245569795310
0.969266316071049183
0.969358435877032187
0.969448563280882136
0.969536654752179428
0.969622744694852545
0.969706779403419206
0.969788756939092833
0.969868647935419714
0.969946462048658642
0.970022138548313539
0.970095708969559878
0.970167149512405680
0.970236437671246899
0.970303551295349509
0.970368536029822093
0.970431327601814608
0.970491964885838221
0.970550433534170476
0.970606708979891875
0.970660808506621398
0.970712749800828112
0.970762495825857830
0.970810116354633879
0.970855577130411374
0.970898902525666685
0.970940136446257651
0.970979232990431318
0.971016256255505472
0.971051231126484282
0.971084159748860754
0.971115090684556370
0.971144045109650356
0.971171097565990404
0.971196224681096121
0.971219489637276223
0.971240950311648366
0.971260633282446273
0.971278605988652899
0.971294914237353035
0.971309601220556984
0.971322743174971581
0.971334396832494895
0.971344572357411673
0.971353406458040691
0.971360919704988168
0.971367194820738633
0.971372313824286682
0.971376322225377953
0.971379271529943744
0.971381315626517639
0.971382434166870756
0.971382773439167124
0.971382353811117483
0.971381302504170541
0.971379638592402728
0.971377460867940301
0.971374862372501924
0.971371862344707737
0.971368590604888338
0.971365091835715178
0.971361407628689610
0.971357641757391810
0.971353845268767224
0.971350058653813853
0.971346360830947497
0.971342794708342061
0.971339424776438976
0.971336262914797133
0.971333391405276525
0.971330833991573606
0.971328639394883009
0.971326814674757233
0.971325396684465603
0.971324422290331557
0.971323915013083461
0.971323831353963052
0.971324250940227230
0.971325165581554018
0.971326552950298794
0.971328439264930621
0.971330814320549241
0.971333658774570896
0.971336961442460178
0.971340695144203514
0.971344900709398495
0.971349503836812400
0.971354506597538969
0.971359872760921839
0.971365589970579535
0.971371638665359582
0.971377972499957498
0.971384596214442841
0.971391490707532279
0.971398572146163430
0.971405873777425044
0.971413368816151035
0.971421028074937576
0.971428835346299202
0.971436820029696668
0.971444893891187822
0.971453137838361180
0.971461489713392856
0.971470014599270848
0.971478683064551429
0.971487514901089755
0.971496516735525506
0.971505782984162347
0.971515256814507344
0.971525048780730538
0.971535136085641349
0.971545627739603290
0.971556558279819682
0.971567963784849442
0.971579938910113072
0.971592549958350760
0.971605864748637749
0.971619933658521839
0.971634852626955814
0.971650730522861994
0.971667589545742061
0.971685555749475016
0.971704713988009283
0.971725137802698646
0.971746854106547153
0.971770007658064428
0.971794640285935762
0.971820833435735443
0.971848607993670899
0.971878076326094686
0.971909219088350929
0.971942120576694379
0.971976783849369808
0.972013243032365026
0.972051472306459496
0.972091506939642302
0.972133284063245506
0.972176810124776081
0.972221996778091957
0.972268826741403580
0.972317191082038956
0.972367026246912403
0.972418217098097837
0.972470604747402989
0.972524133235975086
0.972578619807628164
0.972633917395806513
0.972689827090852499
0.972746246377682366
0.972802899247766639
0.972859659189842407
0.972916307384830481
0.972972627091042375
0.973028389349341882
0.973083459028741604
0.973137571341739838
0.973190526680819068
0.973242135686183230
0.973292219134113901
0.973340564029155364
0.973387033184972772
0.973431467924129268
0.973473694190237659
0.973513629283972781
0.973551166853200756
0.973586181967922237
0.973618662347510044
0.973648564615416046
0.973675855085019859
0.973700529572843143
0.973722686966952078
0.973742349058618784
0.973759622879432518
0.973774612901573855
0.973787469864765165
0.973798336975832401
0.973807388098275939
0.973814849278004990
0.973820917753278836
0.973825805068129324
0.973829754977782791
0.973833017829262459
0.973835821408874480
0.973838438812488771
0.973841080817189231
0.973843968737492349
0.973847327373457916
0.973851370502215485
0.973856261662164879
0.973862149646687714
0.973869164837798507
0.973877418607777656
0.973886973636243436
0.973897866962717740
0.973910092593907040
0.973923596757647059
0.973938325321095921
0.973954169461158425
0.973970991932063601
0.973988621831156642
0.974006867699824808
0.974025473980791978
0.974044236055044532
0.974062855110645054
0.974081067609719131
0.974098644528347934
0.974115267744981028
0.974130671784941171
0.974144606427720383
0.974156872814349373
0.974167235319363445
0.974175542344916545
0.974181609445789465
0.974185395572750634
0.974186892299976903
0.974186029478609550
0.974182881117118371
0.974177612991801389
0.974170354715932163
0.974161336923449084
0.974150872625065056
0.974139199937250955
0.974126734968891794
0.974113864470970481
0.974101012464641092
0.974088589069008193
0.974077096104789097
0.974066950458615910
0.974058596131522347
0.974052448755974076
0.974048923863217397
0.974048320700249493
0.974050931335051606
0.974057003923035292
0.974066675278617011
0.974080070035513335
0.974097155385915459
0.974117844963152124
0.974141967298004841
0.974169298402771666
0.974199515590764453
0.974232198473980127
0.974266914351615498
0.974303099353202806
0.974340235122648113
0.974377743381428907
0.974415028860123988
0.974451453951681756
0.974486506227534410
0.974519637233432379
0.974550391521206372
0.974578335324465028
0.974603180714875728
0.974624720632200070
0.974642802392797436
0.974657450929364289
0.974668797675950827
0.974677022043418217
0.974682461570457237
0.974685551852522702
0.974686849637140695
0.974686821373802581
0.974686145923144842
0.974685452975769473
0.974685373971384328
0.974686484312047741
0.974689330903216189
0.974694360282205241
0.974701961513010917
0.974712331428811307
0.974725567231476964
0.974741603194004935
0.974760244869611658
0.974781130054205858
0.974803742813736829
0.974827496329625842
0.974851628528382697
0.974875391624217325
0.974897931682634611
0.974918452978203010
0.974936120598566380
0.974950282571101279
0.974960320927255486
0.974965832952391698
0.974966533838626859
0.974962427517533370
0.974953661044327791
0.974940582798151878
0.974923848997969800
0.974904223299104644
0.974882665262908232
0.974860264339655891
0.974838114678832746
0.974817455006730116
0.974799348748242034
0.974784847264777321
0.974774824695567865
0.974769946352399996
0.974770585133475809
0.974776961623765925
0.974788846169481138
0.974805863607645318
0.974827262745679102
0.974852100803675348
0.974879283653812934
0.974907507073052959
0.974935547398077085
0.974962105270675172
0.974986105496251199
0.975006567384083200
0.975022870119204632
0.975034651986564804
0.975041945702900037
0.975045092375364963
0.975044820660177614
0.975042104701378198
0.975038133501023641
0.975034268798667059
0.975031817238154574
0.975032012785639002
0.975035880872395566
0.975044125630466718
0.975057052619973774
0.975074471076833982
0.975095830077622794
0.975119998273557886
0.975145619822278098
0.975170956910366260
0.975194238042405903
0.975213631186477525
0.975227604034965334
0.975234930670730304
0.975234851545835779
0.975227274464233962
0.975212693338934788
0.975192239406533989
0.975167548731245559
0.975140787854106406
0.975114251624631279
0.975090291712160107
0.975071024123218333
0.975058175995251908
0.975052785649182852
0.975055219703213627
0.975065002940293968
0.975080948156783367
0.975101182797566857
0.975123510786320424
0.975145496644968302
0.975164877823659015
0.975179849032023482
0.975189273266249934
0.975192898757865190
0.975191324164246365
0.975186021537153391
0.975179141900657132
0.975173126105032928
0.975170395015992231
0.975172966085841142
0.975182032591303205
0.975197767083324729
0.975219114870181425
0.975244017580289890
0.975269506373243611
0.975292227322209437
0.975308907063297092
0.975316845333014992
0.975314595493128711
0.975302021170543210
0.975280593735043833
0.975253154040133796
0.975223574555280526
0.975196023655562239
0.975174391551424713
0.975161508598367699
0.975158664097082739
0.975165314499385594
0.975179273479380049
0.975197001484677028
0.975214444016674342
0.975227915559844671
0.975234855252170130
0.975234523822578248
0.975228211283551305
0.975218925009675441
0.975210734853589112
0.975207733712621705
0.975212827933776505
0.975226888201341735
0.975248262267500943
0.975272987376487377
0.975295563545552580
0.975310427265492108
0.975313306897643728
0.975302551670163109
0.975279793422538677
0.975249658350150317
0.975218702126617210
0.975193551943922876
0.975179139457454935
0.975177160959366685
0.975185748832172017
0.975199787423488562
0.975212972386405141
0.975219850596083737
0.975217936723163259
0.975208656108082050
0.975196997982746061
0.975189559870967893
0.975191734368356045
0.975205315663869365
0.975227106162607882
0.975249708639533086
0.975264222488400168
0.975263679142131634
0.975246303457219854
0.975216601585238485
0.975183791858644566
0.975158086176832306
0.975146236622904783
0.975148662442763325
0.975159205575181320
0.975168528884882369
0.975169125808516446
0.975159597000530343
0.975145697547013079
0.975137040828771839
0.975141157529537339
0.975158210187902275
0.975179609892644073
0.975192213980180078
0.975185993506968329
0.975160552154105909
0.975126107179829504
0.975097596414173817
0.975085410365991279
0.975088742050529311
0.975096623925126971
0.975096549512557642
0.975084531355845052
0.975068798477534693
0.975062928503047210
0.975073687460674798
0.975093083578039810
0.975103133007354739
0.975090234654361843
0.975057613536269630
0.975023717793980782
0.975006431771236581
0.975007321095701318
0.975011185913086553
0.975003026768848091
0.974984924938441466
0.974974234487886005
0.974982684337019512
0.974999393531256198
0.974999605487557486
0.974972525649897892
0.974935297128156297
0.974914106452516416
0.974913130327924704
0.974911618811015068
0.974894956790677170
0.974877164001755170
0.974879440751699966
0.974893509642302591
0.974887631644079988
0.974852876691172265
0.974818921974344166
0.974809345389173187
0.974806616956937266
0.974787847939640573
0.974769534696681705
0.974774878513715248
