0.918791936762648587
0.918796830579194146
0.918802723200918270
0.918809535411734046
0.918817361833128010
0.918826199122915632
0.918836054326526264
0.918846946993374547
0.918858939648683037
0.918872000878404815
0.918886146757743272
0.918901444839288373
0.918917861795353730
0.918935465064144252
0.918954236120530954
0.918974223882966568
0.918995441745966479
0.919017876557668090
0.919041609706732876
0.919066602771082208
0.919092934059484890
0.919120594163025828
0.919149594343131371
0.919179991125842921
0.919211764193496705
0.919244986746152848
0.919279668853388632
0.919315794588051349
0.919353421739333321
0.919392578842150421
0.919433263674167778
0.919475543977374299
0.919519395562671704
0.919564870913357590
0.919611989736046298
0.919660778652479527
0.919711255610670575
0.919763457174105237
0.919817385726599657
0.919873086353217739
0.919930562122907247
0.919989883442038026
0.920051009079337678
0.920114001960418926
0.920178887042496285
0.920245670991372999
0.920314384073538716
0.920385061009222349
0.920457671205321293
0.920532304510782717
0.920608915225942681
0.920687585180199553
0.920768280024769403
0.920851028041029362
0.920935863645222952
0.921022794811563017
0.921111818423985262
0.921202942050542761
0.921296195658892092
0.921391597387810846
0.921489108123357048
0.921588788069805487
0.921690609391411231
0.921794538700333344
0.921900662849392649
0.922008889934848530
0.922119284714777554
0.922231803027511621
0.922346444257129749
0.922463183428399058
0.922582041626547555
0.922702959697128788
0.922825962050376702
0.922950970667723469
0.923078005875007990
0.923207034021363504
0.923338008159270029
0.923470916660215968
0.923605701417520075
0.923742345047728675
0.923880781434418208
0.924020988343548288
0.924162908396212179
0.924306483659312450
0.924451674498719012
0.924598409479352679
0.924746626496270707
0.924896286475926588
0.925047288312022653
0.925199585535150359
0.925353097506497746
0.925507759903893223
0.925663458593712685
0.925820178552206552
0.925977741143954924
0.926136138226393513
0.926295272082590659
0.926455015931695436
0.926615266007859262
0.926775978582290438
0.926937021308049891
0.927098289162023970
0.927259696834957348
0.927421127787244393
0.927582454727375216
0.927743607300992923
0.927904451539736219
0.928064881167665945
0.928224784862681007
0.928384067069695895
0.928542563326434034
0.928700214195545382
0.928856913591252664
0.929012502857254119
0.929166880392811922
0.929319952293342189
0.929471576576483050
0.929621686840411798
0.929770151871871176
0.929916860870999007
0.930061702508632737
0.930204587034974217
0.930345418236454558
0.930484090079299553
0.930620518310788292
0.930754591607255044
0.930886232412057701
0.931015379508205565
0.931141930124746664
0.931265781877510634
0.931386930989635209
0.931505271191385376
0.931620745729604294
0.931733314960953796
0.931842912163958315
0.931949502217036208
0.932053046397952500
0.932153512361060810
0.932250884849191608
0.932345126133957369
0.932436275865790920
0.932524264209917964
0.932609130318553969
0.932690874306754902
0.932769514850593007
0.932845087464508005
0.932917595093847529
0.932987115540238610
0.933053656044567914
0.933117282547477833
0.933178054919094335
0.933236028351546953
0.933291296947693194
0.933343915770483368
0.933393994598856414
0.933441579975269442
0.933486824875953802
0.933529787590661075
0.933570576986637035
0.933609310170164797
0.933646095363098172
0.933681065683363620
0.933714334942237323
0.933746021465536091
0.933776261925359785
0.933805158620325759
0.933832853511765704
0.933859472227591580
0.933885166769580444
0.933910040485049331
0.933934215957640035
0.933957857639416522
0.933981017293663340
0.934003874594797501
0.934026529275341466
0.934049095359482662
0.934071645256217997
0.934094333752723327
0.934117204081843289
0.934140377595993887
0.934163928134942867
0.934187916729269485
0.934212414740587582
0.934237471142811748
0.934263127759857204
0.934289439776579633
0.934316424620148078
0.934344093546631171
0.934372458280140483
0.934401498116311457
0.934431235411009253
0.934461601770661954
0.934492576478047399
0.934524125676669648
0.934556189896450507
0.934588693258205372
0.934621556743916115
0.934654670334713500
0.934687976774980278
0.934721367258036895
0.934754730138804057
0.934787946687199112
0.934820878974753522
0.934853398179153805
0.934885400377001519
0.934916698590418482
0.934947188409013252
0.934976729653463012
0.935005142355587182
0.935032332508231034
0.935058161855745640
0.935082419954223476
0.935105067062416251
0.935125923278029458
0.935144873971358037
0.935161845183109297
0.935176702851904240
0.935189367037850827
0.935199747880423038
0.935207768891777924
0.935213422016428320
0.935216653188132629
0.935217386916675664
0.935215702268936133
0.935211561771010724
0.935205030951507199
0.935196115452837651
0.935184915250939719
0.935171507552928216
0.935156014723002582
0.935138554428159519
0.935119245060656246
0.935098294932755869
0.935075856972752084
0.935052138290338730
0.935027364285263451
0.935001768222676222
0.934975600044260280
0.934949119116410765
0.934922550454910795
0.934896247459870877
0.934870449205390752
0.934845472072535322
0.934821623913552391
0.934799176709513291
0.934778479333115975
0.934759771438981257
0.934743394692171048
0.934729603660330755
0.934718701570746435
0.934710932568601160
0.934706558962688505
0.934705803770768950
0.934708874890092800
0.934715979347074732
0.934727268040689285
0.934742864707941545
0.934762906788393244
0.934787468427589863
0.934816582825878761
0.934850316131851877
0.934888615799698397
0.934931426072524663
0.934978685724131675
0.935030284163657299
0.935086039735620322
0.935145799351850493
0.935209324134900766
0.935276383617797857
0.935346675814678119
0.935419914786651208
0.935495747484117235
0.935573863568197273
0.935653836431205255
0.935735314597080481
0.935817865182448139
0.935901061365403297
0.935984527836539848
0.936067831192928690
0.936150520203857917
0.936232194722926514
0.936312452649905147
0.936390919550788570
0.936467209202839435
0.936540983784458492
0.936611954476694319
0.936679776028524147
0.936744250413760748
0.936805166095210806
0.936862319825705891
0.936915632132406029
0.936964974626850688
0.937010351838677091
0.937051793378062547
0.937089314620181524
0.937123053061765909
0.937153188307392582
0.937179894324289386
0.937203425049482286
0.937224098527664085
0.937242195047551685
0.937258091314956521
0.937272161176960106
0.937284801366892073
0.937296420879347614
0.937307461922976093
0.937318328391904210
0.937329451022660076
0.937341228086081557
0.937354047795222689
0.937368253219518999
0.937384171579020986
0.937402083240235995
0.937422200961147922
0.937444732704800332
0.937469806175056597
0.937497429127088444
0.937527639959198522
0.937560323497673265
0.937595398007985081
0.937632590345922279
0.937671666726435538
0.937712289124891019
0.937754042972453461
0.937796503384712654
0.937839175544641579
0.937881530460544677
0.937923005682197442
0.937963025180175602
0.938001015247270864
0.938036413083655374
0.938068634958546421
0.938097161491684095
0.938121508697932427
0.938141266339402646
0.938155997755587889
0.938165490252246825
0.938169476176507255
0.938167867530558808
0.938160641001184348
0.938147881133563621
0.938129786707978308
0.938106658976566754
0.938078921056218373
0.938047052686803218
0.938011692976974176
0.937973536832253707
0.937933329615867506
0.937891916632509703
0.937850167967095971
0.937808994581597832
0.937769326691133664
0.937732078152655357
0.937698140965753546
0.937668330506673198
0.937643434425802780
0.937624147866776947
0.937611023624046136
0.937604567681424306
0.937605073472263961
0.937612730333045485
0.937627613625336531
0.937649573770631517
0.937678330287081585
0.937713486036932053
0.937754472378140802
0.937800585301153289
0.937851015191560666
0.937904851310624510
0.937961119159928303
0.938018794296965108
0.938076810464916644
0.938134151740687705
0.938189808529975466
0.938242883760240121
0.938292488949163506
0.938337994053072055
0.938378736299860683
0.938414435752497278
0.938444796384974689
0.938469839894177871
0.938489753513097713
0.938504827933496766
0.938515666229437273
0.938522940333539002
0.938527501450212687
0.938530259281920909
0.938532232343610384
0.938534488868856931
0.938537996786897977
0.938543779524635746
0.938552689904290194
0.938565448777449518
0.938582601405818950
0.938604474864001448
0.938631185978183735
0.938662565220126477
0.938698212778157903
0.938737458047747331
0.938779385568069724
0.938822906169459181
0.938866738545700241
0.938909506732913957
0.938949724271571196
0.938985971021182642
0.939016832040308502
0.939041077329285878
0.939057688904215260
0.939065837194106967
0.939065099371576006
0.939055350362599350
0.939036824738644249
0.939010170590562909
0.938976394147298388
0.938936830005272505
0.938893125570533837
0.938847114396980542
0.938800829835066630
0.938756298614474183
0.938715581389333198
0.938680511701771358
0.938652751896978277
0.938633608053180746
0.938623974376375236
0.938624323992567677
0.938634599251845336
0.938654287918889385
0.938682384660959546
0.938717444360705144
0.938757743858812499
0.938801259925861831
0.938845852521477453
0.938889443220453090
0.938930012348349052
0.938965945043881534
0.938995852700483469
0.939018991562426186
0.939035105088956823
0.939044467090294654
0.939048012817079725
0.939047092204191247
0.939043489020829014
0.939039254591634731
0.939036519332053343
0.939037312340115671
0.939043412761465746
0.939056095875788643
0.939076128350575079
0.939103505692473139
0.939137502903902299
0.939176619112126576
0.939218796832086977
0.939261388681053355
0.939301474355871746
0.939336087269959652
0.939362452297498263
0.939378317423241294
0.939382055091981916
0.939373042563857674
0.939351600987295310
0.939319165347207830
0.939278060495004952
0.939231478069575854
0.939183143880904181
0.939136965619577380
0.939096706000580594
0.939065620247210742
0.939046155904677216
0.939039571412498164
0.939045905522574165
0.939063957249197112
0.939091317542275816
0.939124793267672842
0.939160526222866388
0.939194741404016820
0.939224025174311028
0.939245776970046076
0.939258675955170763
0.939262785714445325
0.939259522425211046
0.939251637871380440
0.939242654667621801
0.939236465889363603
0.939236650392712202
0.939245869321081228
0.939265430183091721
0.939294809643793971
0.939331739490103179
0.939372298656128812
0.939411527362808529
0.939444014059322763
0.939464871637928134
0.939470483930638589
0.939459243045174919
0.939431899377165758
0.939391637226523191
0.939343667926987980
0.939294470600343656
0.939250707432079279
0.939218213119520362
0.939200827520077275
0.939199810953151304
0.939213542819743230
0.939237805198262721
0.939266744053831593
0.939293948441967674
0.939313901095659043
0.939323292956624756
0.939321650262869956
0.939311699172383552
0.939298610570343473
0.939288752332058774
0.939288098017970863
0.939300397579087343
0.939325994024161059
0.939361296925861566
0.939399376331572999
0.939431523973211946
0.939449395657211861
0.939447300087922321
0.939423970922039664
0.939383255119322969
0.939333362900157343
0.939284860313463144
0.939247793646169504
0.939228978625750610
0.939229860306914355
0.939246233720939849
0.939269571888264432
0.939290002163143178
0.939299658406821392
0.939295725731746800
0.939281454149452855
0.939265177088577263
0.939256883052831393
0.939263982485415649
0.939287826002978665
0.939322161784615139
0.939354861057167367
0.939372455242693083
0.939365610044319066
0.939333439219241839
0.939284553543262790
0.939234003708586895
0.939197175999640255
0.939183053989743000
0.939190426748607421
0.939208604718097417
0.939222986393818515
0.939223029366961781
0.939208115771703822
0.939188132717214796
0.939177777960425009
0.939187263702092601
0.939214841863697858
0.939245967552360228
0.939260775734759301
0.939245771794631090
0.939202962973085032
0.939149756105519429
0.939108936885284407
0.939094544267082387
0.939102889294863186
0.939115911506540280
0.939115201117569409
0.939096658785508187
0.939074233796500679
0.939068209408046028
0.939086563559921483
0.939114997781569261
0.939125969738216715
0.939101485359988053
0.939049777414892484
0.939000206760649658
0.938978142634250057
0.938982716444366594
0.938989248859200765
0.938976296232351126
0.938949580620947022
0.938935901255154692
0.938950477904433090
0.938974008008813921
0.938969804551550435
0.938925517279580846
0.938870322000388779
0.938842465257652137
0.938844011148001423
0.938841960362253647
0.938816634099384206
0.938791590087635353
0.938796968267093357
0.938816592714076470
0.938803426265365615
0.938749278094778150
0.938701207819684025
0.938690666466432178
0.938687339113775221
0.938658983090734589
0.938633279967564516
0.938642392458237551
