0.944119421943849457
0.944129514658751057
0.944141924565003676
0.944156662172193073
0.944173736779932216
0.944193156529390287
0.944214960952425852
0.944239122377488527
0.944265689151678855
0.944294666596690035
0.944326047037907901
0.944359823128244402
0.944396033591697215
0.944434661602998271
0.944475704827039020
0.944519182550589087
0.944565068322867907
0.944613403006365759
0.944664120682830233
0.944717242636339605
0.944772771391980348
0.944830693692944479
0.944891019527567710
0.944953696005396804
0.945018723183621456
0.945086094039330304
0.945155806605443294
0.945227830727078500
0.945302139389052054
0.945378728040392580
0.945457571409295428
0.945538648070557652
0.945621945398020025
0.945707409437317681
0.945795066659180894
0.945884823208291259
0.945976714825689458
0.946070682968511267
0.946166714440752177
0.946264752970078504
0.946364808442907157
0.946466792592399742
0.946570746723130241
0.946676574174883156
0.946784303251146153
0.946893818664208853
0.947005149045410555
0.947118243714822894
0.947233064668238423
0.947349576196097276
0.947467727298905604
0.947587500223789236
0.947708859072697640
0.947831723059912146
0.947956111532562762
0.948081935793729236
0.948209187481351745
0.948337834749275688
0.948467783912059992
0.948599035211973085
0.948731554258757326
0.948865310175730281
0.949000181061246617
0.949136203217164298
0.949273291792113061
0.949411430448140026
0.949550571506200258
0.949690642486978764
0.949831635762407589
0.949973510157688050
0.950116183381197854
0.950259621684121147
0.950403805695344328
0.950548685218610023
0.950694174876438813
0.950840265265821327
0.950986899650190010
0.951134037902103491
0.951281631532478800
0.951429636129567435
0.951577989407290104
0.951726654263522431
0.951875568331332800
0.952024716244152414
0.952174015580498634
0.952323449872705230
0.952472927021489335
0.952622431585524065
0.952771917434900528
0.952921323722099034
0.953070548632226400
0.953219632032974107
0.953368478337578429
0.953517010090517037
0.953665199120671603
0.953813017453995604
0.953960375469798616
0.954107249050456629
0.954253543422285966
0.954399257710761173
0.954544289526113476
0.954688604071481373
0.954832138994881507
0.954974868114974007
0.955116687997013103
0.955257598352398762
0.955397465576739768
0.955536323020505174
0.955674058743464894
0.955810639361013736
0.955945982447616194
0.956080048670675420
0.956212809390729723
0.956344151777630547
0.956474034375898507
0.956602430540869131
0.956729275644606303
0.956854513572712007
0.956978066306423791
0.957099924223805298
0.957219998256554794
0.957338241163797066
0.957454620620746377
0.957569052927090825
0.957681535383950067
0.957791999450599341
0.957900387246812146
0.958006660200731552
0.958110789315279376
0.958212728057108554
0.958312413211100389
0.958409831954700975
0.958504948869219331
0.958597721683998039
0.958688135246310469
0.958776152665226533
0.958861740448297750
0.958944882031338652
0.959025584751566740
0.959103800293429676
0.959179536241075437
0.959252781857337089
0.959323496682574439
0.959391730896630657
0.959457455544640903
0.959520678110818204
0.959581416638451978
0.959639682522145820
0.959695505865228782
0.959748870089800032
0.959799842047775353
0.959848436522851789
0.959894694862111209
0.959938608856503617
0.959980276402919830
0.960019724542373498
0.960057014273785092
0.960092159825544522
0.960125247001658022
0.960156358214779515
0.960185524820561187
0.960212814671985271
0.960238297807137209
0.960262092268031275
0.960284192204929554
0.960304762206650064
0.960323830006378776
0.960341494759101799
0.960357838807501918
0.960372950509737699
0.960386906968932474
0.960399816981080012
0.960411753508110588
0.960422842957887601
0.960433099452132066
0.960442668332133986
0.960451627629975158
0.960460045701329590
0.960468037736447955
0.960475649940776610
0.960482982853079870
0.960490125213841139
0.960497101582472812
0.960504034047799826
0.960510976629449287
0.960517972938929487
0.960525119679041528
0.960532388073027765
0.960539899073039050
0.960547673921147371
0.960555753213177543
0.960564146391685192
0.960572917134280169
0.960582035202440343
0.960591539569722319
0.960601472557708447
0.960611760490452049
0.960622453931278431
0.960633510394327095
0.960644914265055383
0.960656686246839420
0.960668709265219523
0.960681042116004691
0.960693603651472827
0.960706342838171579
0.960719199577935723
0.960732179334794711
0.960745190989356068
0.960758159962659564
0.960771050606052168
0.960783796901015674
0.960796341239156360
0.960808601888315073
0.960820526587557122
0.960832066657660966
0.960843163336411399
0.960853745859520991
0.960863754271636172
0.960873179307301539
0.960881926085515481
0.960889993875663095
0.960897317071370050
0.960903893035882084
0.960909703146980432
0.960914713118348307
0.960918943386368518
0.960922408164016861
0.960925086570778020
0.960927029613780070
0.960928278291291238
0.960928877412665305
0.960928848772373723
0.960928298702075745
0.960927306760028910
0.960925945013058391
0.960924284229645598
0.960922461686051554
0.960920607449207043
0.960918821424974645
0.960917222447309816
0.960915979149792876
0.960915237367226505
0.960915110421606378
0.960915817086738455
0.960917446096408057
0.960920189853894380
0.960924214074544314
0.960929672151162761
0.960936730211077283
0.960945504973499731
0.960956181912278162
0.960968880268948666
0.960983765622814734
0.961000914237697401
0.961020469308582204
0.961042542793637766
0.961067156521704269
0.961094475194651410
0.961124463243895222
0.961157224235440699
0.961192720629190034
0.961230996767438839
0.961272011190725362
0.961315717637091116
0.961362031464981559
0.961410906869253012
0.961462226127058561
0.961515855655711960
0.961571652501513774
0.961629416541806115
0.961688979434431213
0.961750180147701306
0.961812725240810185
0.961876425119735479
0.961941013094622766
0.962006234711469732
0.962071800625116880
0.962137451642815389
0.962202906115497636
0.962267867378760577
0.962332045763350297
0.962395218515553652
0.962457011933626871
0.962517258504099193
0.962575643282830962
0.962631984026641296
0.962686035214968316
0.962737605545545216
0.962786537493428018
0.962832660702404475
0.962875874223304007
0.962916098627835670
0.962953265117806434
0.962987370369800089
0.963018409549355248
0.963046385843430053
0.963071443232338953
0.963093667546090826
0.963113183214087010
0.963130178466001352
0.963144865639902981
0.963157451198533909
0.963168177534135084
0.963177345018175535
0.963185202388738282
0.963192099944473301
0.963198299447843742
0.963204117716074837
0.963209867563987854
0.963215834031408535
0.963222303087457932
0.963229548562903992
0.963237841009382589
0.963247356029853674
0.963258303372054536
0.963270817827904913
0.963285051085614685
0.963301011705092636
0.963318774779877041
0.963338307824865625
0.963359512052025746
0.963382287376478574
0.963406503025460492
0.963431925180806892
0.963458295178732604
0.963485371041981065
0.963512775439317792
0.963540224696415981
0.963567336724363011
0.963593694564056635
0.963618967392253389
0.963642737889225942
0.963664643400387488
0.963684308722578487
0.963701427663272714
0.963715725521995803
0.963726892579403138
0.963734784741945849
0.963739253864011269
0.963740180588795181
0.963737583034087852
0.963731514219493879
0.963722128954895951
0.963709640956367353
0.963694277388417064
0.963676438534080693
0.963656534589069413
0.963634986784176251
0.963612387874839493
0.963589272860453705
0.963566238923889040
0.963543919436390506
0.963522887598488476
0.963503795025409948
0.963487251552618829
0.963473740550184532
0.963463843084610527
0.963457984698065095
0.963456506288481340
0.963459671197611223
0.963467708597180228
0.963480691560021696
0.963498599677395484
0.963521275621982531
0.963548485426235501
0.963579913002754251
0.963615064220722628
0.963653425899595906
0.963694367513979300
0.963737252454289206
0.963781321569807559
0.963825832986788700
0.963870032725409276
0.963913167999532416
0.963954570843017500
0.963993558878397661
0.964029566667548132
0.964062161681292551
0.964090955428729912
0.964115744918877082
0.964136398303532927
0.964152981612595217
0.964165717540181655
0.964174872359390367
0.964180969743864025
0.964184518353659370
0.964186206542921531
0.964186761417017979
0.964186947203265476
0.964187543602500585
0.964189312279460475
0.964192967156002112
0.964199136145186042
0.964208301909446064
0.964220836042702589
0.964236967864760208
0.964256643215226528
0.964279777548868511
0.964305924245559609
0.964334611094647465
0.964365108912278446
0.964396529958069348
0.964427950054587924
0.964458312578439392
0.964486554905171434
0.964511634748706936
0.964532589949650410
0.964548568277848406
0.964558897560289008
0.964563114395338816
0.964560947563389059
0.964552437128822882
0.964537949502766834
0.964517996253965615
0.964493489906178003
0.964465464732849331
0.964435245228478677
0.964404169532214639
0.964373751648649247
0.964345481393373949
0.964320783441526275
0.964300903746047267
0.964286882186408789
0.964279515104206730
0.964279266931248991
0.964286252827042167
0.964300227568009372
0.964320526814969492
0.964346248645341131
0.964376152476542625
0.964408828172379051
0.964442649872049973
0.964476093762159259
0.964507626444567889
0.964535869943922597
0.964559786853184997
0.964578626717656484
0.964592035821640770
0.964600121969347746
0.964603425963785677
0.964602891117004591
0.964599764411792182
0.964595574859178351
0.964591908505198714
0.964590436662244644
0.964592548247476089
0.964599386269337389
0.964611741267925482
0.964629801772736495
0.964653247271542003
0.964681168133092237
0.964712166426574647
0.964744349799468881
0.964775618621108388
0.964803685945408773
0.964826417784874435
0.964841891131106189
0.964848746799353396
0.964846256256779777
0.964834361899935544
0.964813850714598575
0.964786295798952143
0.964753876674368294
0.964719279283216324
0.964685399808934085
0.964655143095829115
0.964631051215046553
0.964615146173781079
0.964608654515804242
0.964611814169716530
0.964623969240112511
0.964643518034556724
0.964668150250169276
0.964695083861831892
0.964721331534029947
0.964744254752714192
0.964761719101682513
0.964772487220301178
0.964776323706284855
0.964774156379917369
0.964767865738457964
0.964760110016595784
0.964753854303433189
0.964751990197867171
0.964756806193291627
0.964769552173373013
0.964790243388853663
0.964817393075041330
0.964848308375438779
0.964879298889687931
0.964906200493976129
0.964925164915207523
0.964933028359861389
0.964928231987587148
0.964910873122202029
0.964882995782621600
0.964848232836253872
0.964811427598109450
0.964777652889722059
0.964751572921727196
0.964736454101345342
0.964733666132281398
0.964742351557204558
0.964759636785467833
0.964781156876383106
0.964802044359106770
0.964817874981294565
0.964825754702713700
0.964824997651397065
0.964817364889124507
0.964806614478883495
0.964797704102097642
0.964795371236586430
0.964802972382498902
0.964821227138742854
0.964847869797439417
0.964877829885372074
0.964904510233867363
0.964921152443555918
0.964922924580829955
0.964908201815249722
0.964879278621380787
0.964842064602333571
0.964804488799004156
0.964774582403143843
0.964757991680629812
0.964756532045350945
0.964767516080893395
0.964784699692864844
0.964800456779259741
0.964808391978867586
0.964805800159905358
0.964794706933800206
0.964781306538486372
0.964773394245626248
0.964777274536917528
0.964794632543468089
0.964821271468070174
0.964848057763966205
0.964864353835676702
0.964862192330378399
0.964839918474865166
0.964803409030759229
0.964763976081346564
0.964733784667438643
0.964720632992162042
0.964724431278247474
0.964737484545033275
0.964748609542783853
0.964749092149851939
0.964737634852434911
0.964721450545212966
0.964712060749236766
0.964718101851410048
0.964739187780373486
0.964764592932916054
0.964778628162551777
0.964769839456067535
0.964738431004875774
0.964697091740044255
0.964663720930423962
0.964650252018074639
0.964655075575841181
0.964664706416168194
0.964664446914820894
0.964650126314943623
0.964631894558258596
0.964625900426997696
0.964639550192269990
0.964662661359101059
0.964673683379760671
0.964657105760428291
0.964617715875210058
0.964577851199260428
0.964558377670682976
0.964560291007961479
0.964565111684162702
0.964555265138236306
0.964534033108090494
0.964522205720099723
0.964533022959103148
0.964552691802629369
0.964551951712775080
0.964518968647376407
0.964475045119469465
0.964451011613213893
0.964450700113664960
0.964448993511741293
0.964429247911643861
0.964408783899825539
0.964412296973267691
0.964428895954871468
0.964420965347562387
0.964379363749007235
0.964339960028671506
0.964329685811850190
0.964326726846415072
0.964304540694114198
0.964283539547061808
0.964290483769870144
