0.888146965123272847
0.888138084356507873
0.888129015769458685
0.888119743827860297
0.888110319459468500
0.888100770540527495
0.888091121261600169
0.888081415636814975
0.888071683296344894
0.888061944308834672
0.888052266176449168
0.888042668816454772
0.888033217374158412
0.888023928210430080
0.888014850597848349
0.888006048409545112
0.887997556946236499
0.887989440844232369
0.887981719143246084
0.887974491351466000
0.887967786591528196
0.887961667371959695
0.887956186183883611
0.887951415440367486
0.887947394606492302
0.887944217720198603
0.887941911489788738
0.887940595536802935
0.887940265936324913
0.887941049824399364
0.887942993999977670
0.887946185960720391
0.887950657235467622
0.887956510255367482
0.887963797173438318
0.887972597514524065
0.887983008015888142
0.887995094023918852
0.888008922318177629
0.888024537388767299
0.888042062835167512
0.888061550792915932
0.888083082677534441
0.888106702258770198
0.888132540978748497
0.888160602792269604
0.888190995346727408
0.888223802311473798
0.888259079889699765
0.888296889544382684
0.888337287867907333
0.888380369300216688
0.888426189049659754
0.888474795416190122
0.888526243539075278
0.888580603234835897
0.888637921810802145
0.888698252836472524
0.888761663659320744
0.888828166311913082
0.888897825992608581
0.888970697505182206
0.889046770551315202
0.889126097749211697
0.889208732576399652
0.889294679713116154
0.889383961824425695
0.889476580057286359
0.889572564982608838
0.889671923368485995
0.889774654161093692
0.889880769185425802
0.889990231578957292
0.890103070819301512
0.890219206359958215
0.890338678012405849
0.890461424123369483
0.890587445129229272
0.890716657845185500
0.890849039073350779
0.890984584021486725
0.891123187927826743
0.891264776241556089
0.891409307784083560
0.891556746424031488
0.891706960940884863
0.891859887319483957
0.892015466426312131
0.892173576434282189
0.892334105969928792
0.892497002024319031
0.892662098141186910
0.892829326963972325
0.892998572271890168
0.893169677432578357
0.893342529671833696
0.893517008015080716
0.893692961726065604
0.893870283788640640
0.894048788520957483
0.894228363978037732
0.894408847232018411
0.894590069863815174
0.894771904018812236
0.894954184598148461
0.895136759303147844
0.895319455721291013
0.895502109508286237
0.895684577894256040
0.895866665428632136
0.896048225318683667
0.896229080803950584
0.896409122003078651
0.896588093457236113
0.896765902431778228
0.896942356252541373
0.897117320261751616
0.897290622513859937
0.897462116331496751
0.897631666109274140
0.897799084390195290
0.897964254860331046
0.898127066084229986
0.898287330046974586
0.898444952207626990
0.898599803546440645
0.898751766431219679
0.898900736660031896
0.899046617581504171
0.899189290827692611
0.899328674505812220
0.899464691683380613
0.899597296658743661
0.899726374128551054
0.899851906601661033
0.899973819768778660
0.900092095738563081
0.900206694204988445
0.900317595587259545
0.900424807853659748
0.900528310013130606
0.900628117014916518
0.900724253910834771
0.900816743604435755
0.900905630668455637
0.900990942143873097
0.901072736569236477
0.901151112724364878
0.901226128368984636
0.901297865203592119
0.901366435201325755
0.901431905063524774
0.901494388147029424
0.901554033757075990
0.901610944450409346
0.901665257610062221
0.901717112474509586
0.901766632279645930
0.901814006665244916
0.901859339429568641
0.901902797383443477
0.901944568300054206
0.901984811636108108
0.902023635857935213
0.902061268507837521
0.902097864946992622
0.902133526654054885
0.902168499284849545
0.902202898316319724
0.902236886254970671
0.902270624503716312
0.902304240869357121
0.902337885657532146
0.902371703532974467
0.902405824556985037
0.902440359957030203
0.902475420481455792
0.902511093179512058
0.902547489133956105
0.902584666128649071
0.902622710837190145
0.902661694860112940
0.902701630962125190
0.902742548532818101
0.902784477246212913
0.902827413347335517
0.902871352108563618
0.902916250671857212
0.902962076886352438
0.903008781672982708
0.903056292280750350
0.903104527512487709
0.903153376007929221
0.903202743437218958
0.903252500381238499
0.903302499584128893
0.903352602203530752
0.903402675348980333
0.903452474782109327
0.903501903092939651
0.903550721031698867
0.903598778061212138
0.903645828527129491
0.903691714572328442
0.903736203646631653
0.903779074117576964
0.903820172784785547
0.903859226934105364
0.903896088513677642
0.903930509991574205
0.903962339943422566
0.903991377779316929
0.904017437773518284
0.904040382814378374
0.904060062801578690
0.904076330901448344
0.904089061986290465
0.904098152711585334
0.904103533014149030
0.904105166689863404
0.904102968116744843
0.904096944724038343
0.904087120672983913
0.904073521654255141
0.904056174649868538
0.904035192125309250
0.904010690294149155
0.903982808073289013
0.903951677185119151
0.903917542567055809
0.903880556220268416
0.903841008472077378
0.903799181580099975
0.903755292202497396
0.903709721978625091
0.903662774928242651
0.903614805211063854
0.903566192555662728
0.903517302750190821
0.903468541119897606
0.903420320749518613
0.903373046772439126
0.903327138969139298
0.903283010878558890
0.903241084597930732
0.903201780919049790
0.903165526724288625
0.903132650176236784
0.903103595201204423
0.903078716258487346
0.903058335280526148
0.903042754916428492
0.903032312634491463
0.903027233342279967
0.903027757741566406
0.903034099086622244
0.903046366302814763
0.903064730543352012
0.903089222798087454
0.903119907829618040
0.903156744723162319
0.903199708789348410
0.903248678499330881
0.903303512810884279
0.903364032997015731
0.903429985998634666
0.903501123645796267
0.903577094584604890
0.903657573366222211
0.903742121460243908
0.903830379871901957
0.903921843982015805
0.904016055142915387
0.904112510562783855
0.904210706177769552
0.904310087920940586
0.904410112164266700
0.904510269794888577
0.904610014168626742
0.904708789101322464
0.904806126613664552
0.904901461631414716
0.904994407927537492
0.905084473490272656
0.905171255087648952
0.905254414445904709
0.905333596825578901
0.905408567232224626
0.905479083206830904
0.905545013733625948
0.905606201509356890
0.905662642332067946
0.905714306122858859
0.905761304903744180
0.905803747412350924
0.905841836845909354
0.905875809741872873
0.905905985561078375
0.905932685366549362
0.905956313689152637
0.905977293353814828
0.905996078101899305
0.906013185307817936
0.906029103578769091
0.906044356579952748
0.906059436041479316
0.906074839618117078
0.906091113308775897
0.906108668072258983
0.906127983951223515
0.906149391305244412
0.906173267883646716
0.906199879099095718
0.906229445684408885
0.906262074201185985
0.906297868632362391
0.906336787920062337
0.906378737671144630
0.906423549965231889
0.906470931261340596
0.906520559125767789
0.906572026695533828
0.906624771106752214
0.906678314834186483
0.906731973870425034
0.906785144507252228
0.906837091241385451
0.906887102129656175
0.906934455687561147
0.906978441966768911
0.907018344868674942
0.907053493895240925
0.907083266878107919
0.907107127723631446
0.907124616508270143
0.907135310241396153
0.907138965160550037
0.907135400856075691
0.907124604382636535
0.907106634493720754
0.907081751657966673
0.907050309466275850
0.907012783001718836
0.906969796205363110
0.906922089013069144
0.906870510320286094
0.906816029742627427
0.906759662860538551
0.906702506427926158
0.906645704030512589
0.906590387211737014
0.906537763395352303
0.906488906897187974
0.906444953079760696
0.906406822255982236
0.906375499997193690
0.906351717832450832
0.906336127324391949
0.906329211487103659
0.906331289534651918
0.906342436601689894
0.906362633903751491
0.906391628308263364
0.906428933193669906
0.906473963393793047
0.906525928078524723
0.906583851452937406
0.906646682777093815
0.906713256992290217
0.906782321740605690
0.906852604646542271
0.906922828837594008
0.906991732938137618
0.907058144744984696
0.907120978975909820
0.907179284892383198
0.907232320930928315
0.907279487261492323
0.907320374392781903
0.907354898257206610
0.907383096410038781
0.907405304928883827
0.907422049407471620
0.907434090645620528
0.907442313922039112
0.907447806596254791
0.907451731448298604
0.907455307185134230
0.907459760072637511
0.907466301216929172
0.907476012911112018
0.907489863709482703
0.907508586128461969
0.907532715898390019
0.907562503374486296
0.907597896422738470
0.907638501994539326
0.907683749773754434
0.907732605423747896
0.907783924564682931
0.907836218805571193
0.907887894244042148
0.907937220402356360
0.907982438871398956
0.908021866468058270
0.908053902920535339
0.908077167036945743
0.908090576007132722
0.908093373387891423
0.908085159521418661
0.908066057847031094
0.908036605082607418
0.907997797443013788
0.907951014383584387
0.907898103737923123
0.907841172065093738
0.907782547922868721
0.907724739958873039
0.907670204765634536
0.907621374910080436
0.907580389336930415
0.907549085140866407
0.907528872038704915
0.907520631952681733
0.907524687453528545
0.907540753547143697
0.907567997841646212
0.907604974225711514
0.907649866687106233
0.907700363911740804
0.907753999426858416
0.907808238091940889
0.907860534638500138
0.907908622073324456
0.907950601929798706
0.907985087735334040
0.908011346296076938
0.908029216011539075
0.908039280702323204
0.908042819115388755
0.908041565942814599
0.908037782200455945
0.908033867843030529
0.908032328742587103
0.908035488719951434
0.908045301572750208
0.908063090016388408
0.908089442244068068
0.908124090449056065
0.908165918291819696
0.908212938695078353
0.908262451258545767
0.908311237715905828
0.908355817361556128
0.908392733306441991
0.908418858162206688
0.908431768739461742
0.908429936602727861
0.908412905382414371
0.908381567083719199
0.908337923409516357
0.908285104916500163
0.908227120252319331
0.908168500780153654
0.908113924202969880
0.908067783343491919
0.908033661125744129
0.908014144367272236
0.908010336241458882
0.908021910351635153
0.908047039380316057
0.908082571375771419
0.908124454918341484
0.908168104726398084
0.908209026067739567
0.908243326183330812
0.908268229389798010
0.908282451720458628
0.908286406716983574
0.908282119444936531
0.908272966208903298
0.908263270964994929
0.908257498726623203
0.908259725739644863
0.908272754279122685
0.908297663412530931
0.908333453495033694
0.908377043979886611
0.908423586890836576
0.908467076213273272
0.908501275895509219
0.908520748400266864
0.908521739502437864
0.908502939709777246
0.908465897448702986
0.908414927799840011
0.908356537247743678
0.908298526486123081
0.908248659240086131
0.908213425833589549
0.908196804318342488
0.908199675652226146
0.908219489961982651
0.908250795809811939
0.908286447640712202
0.908318896910427775
0.908341970915969688
0.908352149435660450
0.908349448892830202
0.908337514163186865
0.908322631443591044
0.908312328662035595
0.908313267130331115
0.908329283873036908
0.908360135529529766
0.908401084027837369
0.908443655230160574
0.908477683064142005
0.908493787790505491
0.908486139570784501
0.908454203930312842
0.908403368562183733
0.908343799207812719
0.908288031220182979
0.908247465688281519
0.908229246001779456
0.908234096358619958
0.908256259799991583
0.908285241765230622
0.908309422269291677
0.908320131941496411
0.908314717321042742
0.908297765373366595
0.908279284755957095
0.908270816569367589
0.908280429295693748
0.908308719856210978
0.908347609479608797
0.908382755621776949
0.908398810693326841
0.908386032899807794
0.908344731195362409
0.908286081373009258
0.908228012336225410
0.908187978517924432
0.908175320034252720
0.908187158516853055
0.908210071085780890
0.908227014838908886
0.908226325662758738
0.908208323831937059
0.908185291461399036
0.908174198521988552
0.908186065389493646
0.908217587637156210
0.908251159533482788
0.908264107960390144
0.908242260489576014
0.908189798512448410
0.908128085867606516
0.908083328269597145
0.908070209659082361
0.908082558265601691
0.908098507382341325
0.908097036859622175
0.908074781259213371
0.908048936809426110
0.908042704739688289
0.908063853836511226
0.908094513360630740
0.908103102243996707
0.908070760643438613
0.908009410401932171
0.907953745064320916
0.907931592496357465
0.907939371973194076
0.907947293148470003
0.907931386754227576
0.907900083257851764
0.907884698629445430
0.907901173556212249
0.907925661576716281
0.907916565067709014
0.907862679490292090
0.907799801914502935
0.907770771501645979
0.907774804714370886
0.907772196485637894
0.907741986016102120
0.907713023044218859
0.907718971457314505
0.907738922826382244
0.907719643793049036
0.907655515011490999
0.907602284930195680
0.907592838578660799
0.907589189940315122
0.907555369789523336
0.907525558749303296
0.907535017923032372
