0.963232209637050363
0.963238447911091589
0.963248438327244938
0.963262242719184703
0.963279841154617400
0.963301285041996525
0.963326617481296110
0.963355756346527037
0.963388826820498534
0.963425772482103260
0.963466592238322428
0.963511305933321793
0.963559920706527961
0.963612401825965859
0.963668752402008555
0.963728965196625875
0.963793025517799662
0.963860888202894617
0.963932569817381180
0.964008018857819726
0.964087201182191822
0.964170101693325177
0.964256658000773648
0.964346851593090748
0.964440610367249374
0.964537937697884762
0.964638747642050376
0.964742986051786544
0.964850590213870318
0.964961549766411464
0.965075752150416633
0.965193164976595908
0.965313695301423857
0.965437280538351872
0.965563862624061575
0.965693359386500139
0.965825665459350224
0.965960745964170919
0.966098516873282853
0.966238849435877123
0.966381690778512215
0.966526945596384857
0.966674526665927236
0.966824345490319259
0.966976312238297386
0.967130315957693387
0.967286278649810205
0.967444079383920075
0.967603666372946924
0.967764888035197335
0.967927670951162944
0.968091926918988044
0.968257520343380307
0.968424387781786300
0.968592393566628185
0.968761473652151262
0.968931491212069229
0.969102391381699291
0.969274013222966691
0.969446295022777904
0.969619135728093329
0.969792429702303060
0.969966085820684221
0.970139987095141709
0.970314091070633489
0.970488201145962237
0.970662318730539098
0.970836308893545663
0.971010097164025421
0.971183575639381291
0.971356676424294130
0.971529323291522640
0.971701393013063575
0.971872840269025096
0.972043568234285282
0.972213516969132940
0.972382584119186766
0.972550724053130033
0.972717846022533084
0.972883889558085690
0.973048813449733374
0.973212530977016987
0.973374972689549312
0.973536118483582014
0.973695868947541898
0.973854199409936894
0.974011069082776237
0.974166409573840708
0.974320186317837567
0.974472361305810053
0.974622889822273297
0.974771755208957869
0.974918922377257080
0.975064329103148997
0.975207955854344166
0.975349802400453769
0.975489826763876189
0.975628028803392056
0.975764364763014758
0.975898832632464019
0.976031402547138827
0.976162108639328729
0.976290886257966339
0.976417754325703324
0.976542708931113612
0.976665718012735717
0.976786827384704903
0.976905995974097108
0.977023234672290020
0.977138558914556921
0.977251951129679663
0.977363434604273218
0.977473001116268447
0.977580621310469411
0.977686356610055096
0.977790198139441791
0.977892135801060158
0.977992218023285953
0.978090393297473937
0.978186704462551515
0.978281131109639768
0.978373742866026075
0.978464475950385992
0.978553371555804241
0.978640428306161603
0.978725669447695124
0.978809054055842398
0.978890629197884499
0.978970405609438266
0.979048347908681449
0.979124508247547487
0.979198814319859445
0.979271348355535864
0.979342064824674785
0.979410971226779448
0.979478084890174627
0.979543408178185526
0.979606878698914052
0.979668542620038219
0.979728409049052007
0.979786460419159622
0.979842665145813863
0.979897052080763165
0.979949614302968897
0.980000323297737563
0.980049187252036713
0.980096235386443304
0.980141398857327983
0.980184701550844140
0.980226157048853519
0.980265756221343598
0.980303455024763459
0.980339314200890710
0.980373275228750729
0.980405394972243327
0.980435614739335048
0.980463988852689039
0.980490499589068976
0.980515158926350217
0.980537955749331225
0.980558908421685360
0.980578045399107867
0.980595369968910613
0.980610915056903454
0.980624671681308846
0.980636708322571105
0.980646984269763156
0.980655573793141278
0.980662497985569925
0.980667796888919918
0.980671490375533805
0.980673637746420690
0.980674271862821079
0.980673434812665223
0.980671181808691395
0.980667573407791981
0.980662621853095273
0.980656454845823977
0.980649099359999887
0.980640571680573836
0.980631010250368362
0.980620448943039569
0.980608965095805307
0.980596632482088282
0.980583512924770861
0.980569699543154316
0.980555249339361445
0.980540265418515467
0.980524821741636132
0.980508989339769266
0.980492850924985060
0.980476477618632214
0.980459997469189104
0.980443429720774029
0.980426898077413012
0.980410454148772925
0.980394201976875546
0.980378213759083628
0.980362538882499690
0.980347274553838299
0.980332495002693594
0.980318260647290107
0.980304626736743234
0.980291672290349747
0.980279461062574908
0.980268041877644603
0.980257476890388002
0.980247784165631519
0.980239059185633033
0.980231310094575314
0.980224576075438114
0.980218891556932093
0.980214291426558249
0.980210799796218835
0.980208464241807742
0.980207258358001043
0.980207238134812364
0.980208371497345410
0.980210696882058086
0.980214214192644206
0.980218905030652565
0.980224803258684108
0.980231851768891826
0.980240066862172243
0.980249447001346752
0.980259959139120673
0.980271592311556472
0.980284349830626289
0.980298191264571295
0.980313101132815223
0.980329065912315389
0.980346064139458240
0.980364052230544458
0.980383070624712749
0.980403029431604733
0.980423955734178065
0.980445813052206794
0.980468580831992398
0.980492278089042935
0.980516846381292551
0.980542297560850873
0.980568600923181433
0.980595764500700851
0.980623776915516498
0.980652648715684916
0.980682352248699263
0.980712895988417821
0.980744286440600632
0.980776506370502621
0.980809578081076938
0.980843459073002633
0.980878209124922074
0.980913804133075717
0.980950229421481024
0.980987500338824647
0.981025620262698350
0.981064566164311702
0.981104349257704511
0.981144964226105643
0.981186381817364395
0.981228617304623185
0.981271617379826822
0.981315358177521913
0.981359819142657575
0.981404978362511948
0.981450777469315971
0.981497137874340342
0.981544077862167130
0.981591455094836918
0.981639255460164173
0.981687396130260015
0.981735761631621018
0.981784281940291548
0.981832874542826972
0.981881408450421378
0.981929801454042295
0.981977891374201217
0.982025606333670420
0.982072816395490600
0.982119404380347727
0.982165197231817833
0.982210095462969446
0.982253977222131480
0.982296692522401038
0.982338136821401808
0.982378167028370552
0.982416680256212427
0.982453568788050124
0.982488733717702178
0.982522070743845233
0.982553469167301796
0.982582903940047436
0.982610293129616230
0.982635626128092299
0.982658839106303583
0.982679910575468329
0.982698885063335914
0.982715759320142768
0.982730568124615456
0.982743369543607082
0.982754271324608464
0.982763322251768101
0.982770630207539742
0.982776347354363256
0.982780586671041956
0.982783507435163406
0.982785241766719442
0.982786001062721293
0.982785917435769041
0.982785203349386682
0.982784040377235213
0.982782546968668735
0.982780963002918506
0.982779469059660071
0.982778164256217557
0.982777271526798835
0.982776872666140999
0.982777111014599969
0.982778124834713718
0.982779915745401245
0.982782612534425448
0.982786250708341358
0.982790817042457632
0.982796326994235470
0.982802757915223424
0.982810037208397769
0.982818070325397919
0.982826807754208831
0.982836099755344805
0.982845823779246897
0.982855824850454751
0.982865982970646423
0.982876109310566348
0.982886044996458708
0.982895626767388175
0.982904721503748857
0.982913172863894902
0.982920842235479042
0.982927632213496549
0.982933463438675492
0.982938252800733214
0.982941962455911367
0.982944622512797017
0.982946210428287004
0.982946848616372937
0.982946590325838421
0.982945632535423330
0.982944042968901366
0.982942080588028899
0.982939953077032857
0.982937894789858713
0.982936157726215898
0.982934991055902763
0.982934728796603485
0.982935576240162923
0.982937828143363945
0.982941710368612886
0.982947486833520290
0.982955274346443253
0.982965300639485062
0.982977644671171880
0.982992376758299424
0.983009507763844326
0.983029005165476089
0.983050753295674928
0.983074629164847558
0.983100357324066421
0.983127743287914746
0.983156462867160630
0.983186117680375338
0.983216402962981406
0.983246816388097300
0.983277006453981861
0.983306542862232957
0.983334971465802510
0.983361927871023944
0.983387051694326608
0.983410001955031254
0.983430556540066059
0.983448500590712649
0.983463695615164668
0.983476137208152856
0.983485854272858728
0.983492979327860839
0.983497676970575108
0.983500261387398766
0.983501087715609068
0.983500536205014764
0.983499066347432893
0.983497123791303607
0.983495216036702202
0.983493809637172700
0.983493325950677288
0.983494197307265505
0.983496708159296351
0.983501088486486208
0.983507538647823698
0.983516083131529051
0.983526665050671767
0.983539099918579129
0.983553128185958303
0.983568325969897406
0.983584288357418068
0.983600478885544360
0.983616292470833042
0.983631199217047336
0.983644612760506631
0.983655989418916521
0.983664897033916352
0.983670970607465001
0.983673943186098465
0.983673764315333043
0.983670398364342891
0.983664120163728617
0.983655263260951318
0.983644312729623049
0.983631913170854077
0.983618766701346070
0.983605685874410662
0.983593463644703569
0.983582906133936508
0.983574772275649822
0.983569708757268235
0.983568226705849535
0.983570633639199388
0.983577133155794092
0.983587598913441163
0.983601806441481985
0.983619226148618075
0.983639202811543711
0.983660925011384579
0.983683474990848516
0.983705902366483143
0.983727275375555377
0.983746655826471139
0.983763369515856301
0.983776833844134391
0.983786713826322989
0.983792986199176100
0.983795842595252878
0.983795741235773069
0.983793417906869250
0.983789715453955771
0.983785659505286292
0.983782300083181238
0.983780622494696666
0.983781469822100796
0.983785478873744901
0.983792979689723346
0.983803994200365239
0.983818205240068133
0.983834923831146457
0.983853205725645941
0.983871761342539508
0.983889326466995562
0.983904549597132583
0.983916204457324972
0.983923290955350249
0.983925159143634542
0.983921586295391171
0.983912843373748625
0.983899626183165066
0.983883115852589474
0.983864818223930460
0.983846375074114210
0.983829603407201270
0.983816062682405734
0.983807132715484700
0.983803650806132857
0.983806000016775650
0.983813884320672183
0.983826489776283286
0.983842424690427375
0.983860063913265970
0.983877558323313028
0.983893136926161871
0.983905315152689863
0.983913165004759449
0.983916353673420896
0.983915249774816036
0.983910901418549644
0.983904915779496125
0.983899197277344095
0.983895670162777680
0.983895942938584511
0.983901145198597171
0.983911590763710042
0.983926659426149874
0.983944894341472143
0.983964143651221979
0.983981852920776001
0.983995505390146685
0.984002932979611056
0.984002795848882061
0.983994868032960324
0.983980075559392819
0.983960406917555264
0.983938746123419139
0.983918241741669752
0.983901933912032844
0.983892065566197460
0.983889792210622227
0.983894841364915118
0.983905628521356102
0.983919502463555196
0.983933322661362242
0.983944149625105458
0.983949888127473637
0.983949785776444097
0.983944718792185702
0.983936910341595139
0.983929542625018083
0.983925874571305870
0.983928363937718764
0.983937939907891468
0.983953571412246153
0.983972359176997546
0.983990148756226257
0.984002540105398893
0.984006030799769671
0.983999108667788169
0.983982720868291305
0.983960252119624457
0.983936655746441957
0.983917081095927570
0.983905575138864563
0.983903651221545439
0.983910023639877451
0.983920904952041986
0.983931315504321335
0.983936873970602033
0.983935439486505414
0.983927901414248796
0.983918055573082762
0.983911107915598437
0.983911502269590121
0.983920997342153547
0.983937432152351410
0.983955216060194870
0.983967312620526391
0.983968020367514740
0.983955596363542462
0.983933153264460181
0.983907686293977957
0.983887267875167448
0.983877457482669637
0.983878822983273671
0.983886819958157632
0.983894125007899967
0.983894612830078619
0.983886912191531349
0.983875303110053112
0.983867406497980101
0.983869483369120057
0.983882137932115541
0.983898911352892203
0.983909514721396317
0.983905658943915129
0.983886484055459976
0.983859602517949683
0.983836748887863655
0.983826451098474108
0.983828494168795142
0.983834486267061381
0.983834351862279410
0.983824579207696170
0.983811375823999468
0.983805614923619176
0.983813216360063691
0.983828383794335126
0.983836935453049843
0.983827616698448204
0.983802294808380107
0.983775199592444749
0.983760762293626634
0.983760775337993332
0.983763576074677126
0.983756893842810398
0.983741936590361132
0.983732403622977980
0.983738247839685664
0.983751460267326183
0.983752322911783050
0.983731433835872360
0.983701676027503358
0.983684042644936030
0.983682551215880108
0.983681032121757948
0.983667382431564707
0.983652268930796714
0.983653144888719355
0.983664243562221929
0.983660191084675284
0.983632796914528096
0.983605117405341844
0.983596591430806688
0.983593964899094564
0.983578507420768910
0.983562907808923303
0.983566410135214508
