0.999954565749714752
0.999827169565964735
0.999622855942406296
0.999331977504796520
0.998955431496463597
0.998502063620339220
0.997968640137377738
0.997351249887106439
0.996654663414652475
0.995880157048191661
0.995026661934379497
0.994095492352322530
0.993085535957889953
0.991998170110599986
0.990838215275569811
0.989601967684657691
0.988286382551998965
0.986900231938133254
0.985444749757224181
0.983910901418549644
0.982303491191848788
0.980631809381127040
0.978888591113411977
0.977069911801587865
0.975186021537153391
0.973237872106338164
0.971218349962326033
0.969131294881380612
0.966982028453340692
0.964767865738457964
0.962488553621007159
0.960146418906047017
0.957742037595856743
0.955277878565637062
0.952753948220887659
0.950167309887631872
0.947523076852682222
0.944825622446055946
0.942068367274634944
0.939251637871380440
0.936385512691587651
0.933467297435807031
0.930490000142502049
0.927461762605771733
0.924388160164079986
0.921261597566492174
0.918082605867666435
0.914859386733843483
0.911590576747010273
