94247779.607693791389465332
94115612.437626227736473083
93983445.267558678984642029
93851278.097491130232810974
93719110.927423581480979919
93586943.757356032729148865
93454776.587288483977317810
93322609.417220935225486755
93190442.247153386473655701
93058275.077085822820663452
92926107.907018274068832397
92793940.736950725317001343
92661773.566883176565170288
92529606.396815627813339233
92397439.226748079061508179
92265272.056680530309677124
92133104.886612981557846069
92000937.716545417904853821
91868770.546477869153022766
91736603.376410320401191711
91604436.206342771649360657
91472269.036275222897529602
91340101.866207674145698547
91207934.696140125393867493
91075767.526072576642036438
90943600.356005027890205383
90811433.185937464237213135
90679266.015869915485382080
90547098.845802366733551025
90414931.675734817981719971
90282764.505667269229888916
90150597.335599720478057861
90018430.165532171726226807
89886262.995464622974395752
89754095.825397059321403503
89621928.655329510569572449
89489761.485261961817741394
89357594.315194413065910339
89225427.145126864314079285
89093259.975059315562248230
88961092.804991766810417175
88828925.634924218058586121
88696758.464856654405593872
88564591.294789105653762817
88432424.124721556901931763
88300256.954654008150100708
88168089.784586459398269653
88035922.614518910646438599
87903755.444451361894607544
87771588.274383813142776489
87639421.104316249489784241
87507253.934248700737953186
87375086.764181151986122131
87242919.594113603234291077
87110752.424046054482460022
86978585.253978505730628967
86846418.083910956978797913
86714250.913843408226966858
86582083.743775859475135803
86449916.573708295822143555
86317749.403640747070312500
86185582.233573198318481445
86053415.063505649566650391
85921247.893438100814819336
85789080.723370552062988281
85656913.553303003311157227
85524746.383235454559326172
85392579.213167890906333923
85260412.043100342154502869
85128244.873032793402671814
84996077.702965244650840759
84863910.532897695899009705
84731743.362830147147178650
84599576.192762598395347595
84467409.022695049643516541
84335241.852627485990524292
84203074.682559937238693237
84070907.512492388486862183
83938740.342424839735031128
83806573.172357290983200073
83674406.002289742231369019
83542238.832222193479537964
83410071.662154644727706909
83277904.492087081074714661
83145737.322019532322883606
83013570.151951983571052551
82881402.981884434819221497
82749235.811816886067390442
82617068.641749337315559387
82484901.471681788563728333
82352734.301614239811897278
82220567.131546691060066223
82088399.961479142308235168
81956232.791411593556404114
81824065.621344029903411865
81691898.451276481151580811
81559731.281208932399749756
81427564.111141383647918701
81295396.941073834896087646
81163229.771006286144256592
81031062.600938737392425537
80898895.430871188640594482
80766728.260803624987602234
80634561.090736076235771179
80502393.920668527483940125
80370226.750600978732109070
80238059.580533429980278015
80105892.410465881228446960
79973725.240398332476615906
79841558.070330783724784851
79709390.900263220071792603
79577223.730195671319961548
79445056.560128122568130493
79312889.390060573816299438
79180722.219993025064468384
79048555.049925476312637329
78916387.879857927560806274
78784220.709790378808975220
78652053.539722815155982971
78519886.369655266404151917
78387719.199587717652320862
78255552.029520168900489807
78123384.859452620148658752
77991217.689385071396827698
77859050.519317522644996643
77726883.349249973893165588
77594716.179182425141334534
77462549.009114861488342285
77330381.839047312736511230
77198214.668979763984680176
77066047.498912215232849121
76933880.328844666481018066
76801713.158777117729187012
76669545.988709568977355957
76537378.818642020225524902
76405211.648574456572532654
76273044.478506907820701599
76140877.308439359068870544
76008710.138371810317039490
75876542.968304261565208435
75744375.798236712813377380
75612208.628169164061546326
75480041.458101615309715271
75347874.288034051656723022
75215707.117966502904891968
75083539.947898954153060913
74951372.777831405401229858
74819205.607763856649398804
74687038.437696307897567749
74554871.267628759145736694
74422704.097561210393905640
74290536.927493646740913391
74158369.757426097989082336
74026202.587358549237251282
73894035.417291000485420227
73761868.247223451733589172
73629701.077155902981758118
73497533.907088354229927063
73365366.737020805478096008
73233199.566953256726264954
73101032.396885693073272705
72968865.226818144321441650
72836698.056750595569610596
72704530.886683046817779541
72572363.716615498065948486
72440196.546547949314117432
72308029.376480400562286377
72175862.206412851810455322
72043695.036345288157463074
71911527.866277739405632019
71779360.696210190653800964
71647193.526142641901969910
71515026.356075093150138855
71382859.186007544398307800
71250692.015939995646476746
71118524.845872446894645691
70986357.675804883241653442
70854190.505737334489822388
70722023.335669785737991333
70589856.165602236986160278
70457688.995534688234329224
70325521.825467139482498169
70193354.655399590730667114
70061187.485332041978836060
69929020.315264493227005005
69796853.145196929574012756
69664685.975129380822181702
69532518.805061832070350647
69400351.634994283318519592
69268184.464926734566688538
69136017.294859185814857483
69003850.124791637063026428
68871682.954724088311195374
68739515.784656524658203125
68607348.614588975906372070
68475181.444521427154541016
68343014.274453878402709961
68210847.104386329650878906
68078679.934318780899047852
67946512.764251232147216797
67814345.594183683395385742
67682178.424116119742393494
67550011.254048570990562439
67417844.083981022238731384
67285676.913913473486900330
67153509.743845924735069275
67021342.573778375983238220
66889175.403710827231407166
66757008.233643278479576111
66624841.063575722277164459
66492673.893508173525333405
66360506.723440624773502350
66228339.553373076021671295
66096172.383305519819259644
65964005.213237971067428589
65831838.043170422315597534
65699670.873102873563766479
65567503.703035324811935425
65435336.532967768609523773
65303169.362900219857692719
65171002.192832671105861664
65038835.022765122354030609
64906667.852697566151618958
64774500.682630017399787903
64642333.512562468647956848
64510166.342494919896125793
64377999.172427363693714142
64245832.002359814941883087
64113664.832292266190052032
63981497.662224717438220978
63849330.492157161235809326
63717163.322089612483978271
63584996.152022063732147217
63452828.981954514980316162
63320661.811886958777904510
63188494.641819410026073456
63056327.471751861274242401
62924160.301684312522411346
62791993.131616756319999695
62659825.961549207568168640
62527658.791481658816337585
62395491.621414110064506531
62263324.451346553862094879
62131157.281279005110263824
61998990.111211456358432770
61866822.941143907606601715
61734655.771076351404190063
61602488.601008802652359009
61470321.430941253900527954
61338154.260873705148696899
61205987.090806156396865845
61073819.920738600194454193
60941652.750671051442623138
60809485.580603502690792084
60677318.410535953938961029
60545151.240468397736549377
60412984.070400848984718323
60280816.900333300232887268
60148649.730265751481056213
60016482.560198195278644562
59884315.390130646526813507
59752148.220063097774982452
59619981.049995549023151398
59487813.879927992820739746
59355646.709860444068908691
59223479.539792895317077637
59091312.369725346565246582
58959145.199657790362834930
58826978.029590241611003876
58694810.859522692859172821
58562643.689455144107341766
58430476.519387587904930115
58298309.349320039153099060
58166142.179252490401268005
58033975.009184941649436951
57901807.839117385447025299
57769640.669049836695194244
57637473.498982287943363190
57505306.328914739191532135
57373139.158847190439701080
57240971.988779634237289429
57108804.818712085485458374
56976637.648644536733627319
56844470.478576987981796265
56712303.308509431779384613
56580136.138441883027553558
56447968.968374334275722504
56315801.798306785523891449
56183634.628239229321479797
56051467.458171680569648743
55919300.288104131817817688
55787133.118036583065986633
55654965.947969026863574982
55522798.777901478111743927
55390631.607833929359912872
55258464.437766380608081818
55126297.267698824405670166
54994130.097631275653839111
54861962.927563726902008057
54729795.757496178150177002
54597628.587428621947765350
54465461.417361073195934296
54333294.247293524444103241
54201127.077225975692272186
54068959.907158419489860535
53936792.737090870738029480
53804625.567023321986198425
53672458.396955773234367371
53540291.226888217031955719
53408124.056820668280124664
53275956.886753119528293610
53143789.716685570776462555
53011622.546618022024631500
52879455.376550465822219849
52747288.206482917070388794
52615121.036415368318557739
52482953.866347819566726685
52350786.696280263364315033
52218619.526212714612483978
52086452.356145165860652924
51954285.186077617108821869
51822118.016010060906410217
51689950.845942512154579163
51557783.675874963402748108
51425616.505807414650917053
51293449.335739858448505402
51161282.165672309696674347
51029114.995604760944843292
50896947.825537212193012238
50764780.655469655990600586
50632613.485402107238769531
50500446.315334558486938477
50368279.145267009735107422
50236111.975199453532695770
50103944.805131904780864716
49971777.635064356029033661
49839610.464996807277202606
49707443.294929251074790955
49575276.124861702322959900
49443108.954794153571128845
49310941.784726604819297791
49178774.614659048616886139
49046607.444591499865055084
48914440.274523951113224030
48782273.104456402361392975
48650105.934388853609561920
48517938.764321297407150269
48385771.594253748655319214
48253604.424186199903488159
48121437.254118643701076508
47989270.084051094949245453
47857102.913983546197414398
47724935.743915997445583344
47592768.573848441243171692
47460601.403780892491340637
47328434.233713343739509583
47196267.063645794987678528
47064099.893578238785266876
46931932.723510690033435822
46799765.553443141281604767
46667598.383375592529773712
46535431.213308036327362061
46403264.043240487575531006
46271096.873172938823699951
46138929.703105390071868896
46006762.533037833869457245
45874595.362970285117626190
45742428.192902736365795135
45610261.022835187613964081
45478093.852767631411552429
45345926.682700082659721375
45213759.512632533907890320
45081592.342564985156059265
44949425.172497428953647614
44817258.002429880201816559
44685090.832362331449985504
44552923.662294782698154449
44420756.492227233946323395
44288589.322159677743911743
44156422.152092128992080688
44024254.982024580240249634
43892087.811957031488418579
43759920.641889475286006927
43627753.471821926534175873
43495586.301754377782344818
43363419.131686829030513763
43231251.961619272828102112
43099084.791551724076271057
42966917.621484175324440002
42834750.451416626572608948
42702583.281349070370197296
42570416.111281521618366241
42438248.941213972866535187
42306081.771146424114704132
42173914.601078867912292480
42041747.431011319160461426
41909580.260943770408630371
41777413.090876221656799316
41645245.920808665454387665
41513078.750741116702556610
41380911.580673567950725555
41248744.410606019198894501
41116577.240538462996482849
40984410.070470914244651794
40852242.900403365492820740
40720075.730335816740989685
40587908.560268260538578033
40455741.390200711786746979
40323574.220133163034915924
40191407.050065614283084869
40059239.879998065531253815
39927072.709930509328842163
39794905.539862960577011108
39662738.369795411825180054
39530571.199727863073348999
39398404.029660306870937347
39266236.859592758119106293
39134069.689525209367275238
39001902.519457660615444183
38869735.349390104413032532
38737568.179322555661201477
38605401.009255006909370422
38473233.839187458157539368
38341066.669119901955127716
38208899.499052353203296661
38076732.328984804451465607
37944565.158917255699634552
37812397.988849699497222900
37680230.818782150745391846
37548063.648714601993560791
37415896.478647053241729736
37283729.308579497039318085
37151562.138511948287487030
37019394.968444399535655975
36887227.798376850783824921
36755060.628309294581413269
36622893.458241745829582214
36490726.288174197077751160
36358559.118106648325920105
36226391.948039099574089050
36094224.777971543371677399
35962057.607903994619846344
35829890.437836445868015289
35697723.267768897116184235
35565556.097701340913772583
35433388.927633792161941528
35301221.757566243410110474
35169054.587498694658279419
35036887.417431138455867767
34904720.247363589704036713
34772553.077296040952205658
34640385.907228492200374603
34508218.737160935997962952
34376051.567093387246131897
34243884.397025838494300842
34111717.226958289742469788
33979550.056890733540058136
33847382.886823184788227081
33715215.716755636036396027
33583048.546688087284564972
33450881.376620531082153320
33318714.206552982330322266
33186547.036485433578491211
33054379.866417884826660156
32922212.696350328624248505
32790045.526282779872417450
32657878.356215231120586395
32525711.186147682368755341
32393544.016080126166343689
32261376.846012577414512634
32129209.675945028662681580
31997042.505877479910850525
31864875.335809931159019470
31732708.165742374956607819
31600540.995674826204776764
31468373.825607277452945709
31336206.655539724975824356
31204039.485472172498703003
31071872.315404623746871948
30939705.145337074995040894
30807537.975269522517919540
30675370.805201970040798187
30543203.635134421288967133
30411036.465066872537136078
30278869.294999320060014725
30146702.124931767582893372
30014534.954864218831062317
29882367.784796670079231262
29750200.614729121327400208
29618033.444661568850278854
29485866.274594016373157501
29353699.104526467621326447
29221531.934458918869495392
29089364.764391366392374039
28957197.594323813915252686
28825030.424256265163421631
28692863.254188716411590576
28560696.084121163934469223
28428528.914053611457347870
28296361.743986062705516815
28164194.573918513953685760
28032027.403850961476564407
27899860.233783408999443054
27767693.063715860247612000
27635525.893648311495780945
27503358.723580759018659592
27371191.553513206541538239
27239024.383445657789707184
27106857.213378109037876129
26974690.043310556560754776
26842522.873243004083633423
26710355.703175455331802368
26578188.533107906579971313
26446021.363040354102849960
26313854.192972801625728607
26181687.022905252873897552
26049519.852837704122066498
25917352.682770151644945145
25785185.512702599167823792
25653018.342635050415992737
25520851.172567501664161682
25388684.002499952912330627
25256516.832432400435209274
25124349.662364847958087921
24992182.492297299206256866
24860015.322229750454425812
24727848.152162197977304459
24595680.982094645500183105
24463513.812027096748352051
24331346.641959547996520996
24199179.471891995519399643
24067012.301824443042278290
23934845.131756894290447235
23802677.961689345538616180
23670510.791621793061494827
23538343.621554240584373474
23406176.451486691832542419
23274009.281419143080711365
23141842.111351590603590012
23009674.941284038126468658
22877507.771216489374637604
22745340.601148940622806549
22613173.431081388145685196
22481006.261013835668563843
22348839.090946286916732788
22216671.920878738164901733
22084504.750811185687780380
21952337.580743636935949326
21820170.410676084458827972
21688003.240608535706996918
21555836.070540983229875565
21423668.900473434478044510
21291501.730405882000923157
21159334.560338333249092102
21027167.390270780771970749
20895000.220203232020139694
20762833.050135679543018341
20630665.880068130791187286
20498498.710000578314065933
20366331.539933029562234879
20234164.369865477085113525
20101997.199797928333282471
19969830.029730379581451416
19837662.859662827104330063
19705495.689595274627208710
19573328.519527725875377655
19441161.349460177123546600
19308994.179392624646425247
19176827.009325072169303894
19044659.839257523417472839
18912492.669189974665641785
18780325.499122422188520432
18648158.329054873436689377
18515991.158987320959568024
18383823.988919772207736969
18251656.818852219730615616
18119489.648784670978784561
17987322.478717118501663208
17855155.308649569749832153
17722988.138582017272710800
17590820.968514468520879745
17458653.798446916043758392
17326486.628379367291927338
17194319.458311814814805984
17062152.288244266062974930
16929985.118176713585853577
16797817.948109164834022522
16665650.778041614219546318
16533483.607974063605070114
16401316.437906512990593910
16269149.267838962376117706
16136982.097771411761641502
16004814.927703861147165298
15872647.757636310532689095
15740480.587568759918212891
15608313.417501209303736687
15476146.247433658689260483
15343979.077366108074784279
15211811.907298557460308075
15079644.737231006845831871
