0.999953093557138462
0.999872862840536780
0.999761171567840279
0.999615303471424244
0.999433980985523163
0.999220218825066842
0.998974678491271861
0.998694273762521623
0.998379064021798879
0.998032131656417021
0.997652967309905825
0.997238580734575275
0.996790305226994411
0.996310961774658943
0.995798712456984703
0.995251378655760854
0.994671320289189698
0.994060475080740247
0.993416258618842751
0.992737481234808428
0.992027195910596515
0.991286196103310036
0.990511498651251765
0.989703237362353994
0.988864588611697015
0.987995071445463058
0.987091921411875073
0.986156481104197402
0.985191629027629245
0.984195679337837248
