0.999951738253303746
0.999817471518487433
0.999603771093726334
0.999299051451091214
0.998902767619262444
0.998425957033577616
0.997866661138041677
0.997217986237648679
0.996483991184870410
0.995669269212509200
0.994772470632668493
0.993791303498536283
0.992725862186169206
0.991580869300539569
0.990358576000529012
0.989052604884865461
0.987663090407501776
0.986200287979665524
0.984661758443906132
0.983037880741484793
0.981336924929978149
0.979567538046298925
0.977719327068040878
0.975789501632439937
0.973790469348929877
0.971721759822816611
0.969574369246470003
0.967353214761661362
0.965065221946640905
0.962706418765363670
