0.999981571613985487
0.999928424604385024
0.999842377083832279
0.999720884064038251
0.999562663304869536
0.999370638268627598
0.999145472406463453
0.998884289508072953
0.998587022869965257
0.998256709803219122
0.997892931858378351
0.997492862197948749
0.997057659701150900
0.996590064136808729
0.996088557441294875
0.995550908622767516
0.994979283715204943
0.994375733552489760
0.993737871215005009
0.993064439528783982
0.992358300228547208
0.991620421631827620
0.990848079992216468
0.990041114672176370
0.989202659245914773
0.988332552338914594
0.987428048481515441
0.986490255762048962
0.985522034680642700
0.984522149870153851
