0.715537959157734771
0.715496566479392526
0.715465926358652582
0.715446398253378968
0.715438147911746314
0.715441356779572546
0.715456107938702068
0.715482403412707857
0.715520153920710333
0.715569182106579937
0.715629302985441029
0.715700141872469997
0.715781370146380103
0.715872489802684475
0.715972975492332853
0.716082261911607176
0.716199657000568868
0.716324488581794649
0.716456005928575501
0.716593424004459467
0.716735886881417095
0.716882595914008602
0.717032679776955284
0.717185266888696438
0.717339511465186486
0.717494553875153485
0.717649596720400740
0.717803777785371633
0.717956383122737352
0.718106688783613167
0.718254034167314148
0.718397777813149840
0.718537394935715112
0.718672426356622762
0.718802473623175731
0.718927177617250890
0.719046308788368393
0.719159720840608419
0.719267284021257391
0.719369018167704488
0.719465006095280746
0.719555339079728351
0.719640255401806539
0.719720018850782295
0.719794934417917642
0.719865349726933945
0.719931733367732196
0.719994418453704155
0.720053922642188371
0.720110681031679745
0.720165138405768790
0.720217773155474306
0.720268912871801614
0.720319008483347067
0.720368343565269686
0.720417232917640593
0.720465838994165719
0.720514341257965207
0.720562784580731752
0.720611112762067463
0.720659281191377676
0.720707039775820846
0.720754095933737404
0.720800112161006923
0.720844605977619346
0.720887082518335331
0.720926908842645431
0.720963497687010180
0.720996086880914655
0.721024039185599208
0.721046590418553235
0.721063004335229740
0.721072643777288080
0.721074807968319020
0.721068952892914838
0.721054544735717617
0.721031245165990153
0.720998748532655998
0.720956888372793148
0.720905724340888954
0.720845418416894756
0.720776331484148880
0.720698961085748380
0.720614020042911863
0.720522404145679474
0.720425096373185969
0.720323348091317817
0.720218428389644783
0.720111836590178855
0.720005093591786105
0.719899810064631662
0.719797622300248907
0.719700189449128058
0.719609087634230704
0.719525880041326005
0.719451999901288164
0.719388741617222882
0.719337239747225965
0.719298403517828588
0.719272920888529788
0.719261302863584695
0.719263675679102765
0.719280019081764310
0.719309961274451348
0.719352908234428656
0.719408037408677425
0.719474245114946509
0.719550234944146383
0.719634625798827421
0.719725784278074987
0.719822086646263570
0.719921842418112856
0.720023365700543039
0.720125018648242521
0.720225278892146603
0.720322733732563614
0.720416175082618016
0.720504590729773686
0.720587222522430682
0.720663527399975301
0.720733199663402879
0.720796234889812260
0.720852823773687534
0.720903372782504159
0.720948463414582186
0.720988830637183997
0.721025289606618269
0.721058734274555135
0.721089980311572898
0.721119838943959146
0.721149016212994987
0.721177984378512327
0.721207066096642535
0.721236358958944224
0.721265688717924958
0.721294563458926508
0.721322328284589753
0.721348000154926505
0.721370471844068772
0.721388409108462803
0.721400445859482264
0.721405190405831176
0.721401274812272453
0.721387562015428085
0.721363103883335799
0.721327335648550116
0.721280006077768543
0.721221395831173506
0.721152223810064719
0.721073727199003423
0.720987637401411363
0.720896127056310565
0.720801742995644812
0.720707298363576720
0.720615773219282163
0.720530195582259836
0.720453408063925327
0.720388083600062346
0.720336389032236180
0.720300056444685755
0.720280103738370148
0.720276919168585938
0.720290147211851361
0.720318688934404094
0.720360916494969361
0.720414518197008302
0.720476878540660559
0.720545113675719273
0.720616179897389242
0.720687267951844235
0.720755740880864915
0.720819506138338895
0.720876928642534165
0.720926978575840538
0.720969335151622648
0.721004259210058174
0.721032521489635037
0.721055290471382060
0.721074020238431923
0.721090120720474625
0.721104903611393344
0.721119413269113219
0.721134054279681025
0.721148743544904658
0.721162736259697179
0.721174613654986030
0.721182474360869907
0.721184053013665838
0.721176947080448105
0.721158949086918133
0.721128300084471485
0.721083933483747441
0.721025856353348815
0.720955169004327323
0.720874120266086105
0.720786140352508542
0.720695482547135891
0.720607054708482520
0.720525846116715329
0.720456560669828994
0.720403129937835618
0.720368237495175201
0.720353054779252600
0.720357209795072007
0.720378646033462022
0.720413987848753101
0.720458874687148865
0.720508499153958204
0.720558173361716792
0.720603823903395280
0.720642523826599324
0.720672611630316817
0.720693857910704394
0.720707290980278859
0.720714835465516956
0.720718706650111396
0.720720948042977039
0.720722896601623697
0.720724644046879637
0.720724915107218145
0.720721189931050388
0.720710023097782204
0.720687687138370614
0.720651012503502719
0.720598204123660269
0.720529515839057999
0.720447636933821078
0.720357655674744302
0.720266554426233774
0.720182080249591849
0.720111687378071297
0.720061146293271559
0.720033473514852584
0.720028430167762856
0.720042473010211292
0.720069568147625905
0.720102403967684213
0.720133881456088365
0.720158514587240228
0.720173318057907186
0.720178100591827186
0.720174935509996672
0.720167030966995303
0.720157250163540374
0.720146794235314469
0.720134305358728466
0.720115979278267648
0.720086525450025161
0.720040847810158868
0.719976277323052138
0.719894109570187180
0.719800361311598413
0.719704972850892077
0.719619572395400087
0.719554427422857468
0.719515509150541743
0.719502672954247524
0.719509794412703685
0.719526854707232322
0.719543140911685919
0.719550807165036721
0.719546701392170251
0.719532576609891450
0.719512583763050939
0.719490401114597944
0.719466018951380182
0.719434922253641029
0.719389695564413456
0.719323932737089722
0.719236746281112671
0.719135352884787249
0.719034102210932446
0.718949520819442744
0.718893512644767640
0.718868090788861491
0.718864491515530002
0.718867938348854985
0.718864728248304052
0.718848362814749620
0.718820635127733421
0.718787172628649329
0.718750693773805627
0.718706616052830705
0.718645134379029660
0.718558809125823372
0.718451232366754899
0.718339387425627973
0.718246183630267265
0.718187166036853508
0.718160550061865965
0.718149142925412654
0.718132769115942038
0.718101544536249303
0.718058500229419083
0.718010008837323244
0.717953829212766848
0.717877895007404287
0.717773281243293648
0.717649648371106341
0.717535175484503962
