0.803628945800943573
0.803602392395743048
0.803585103360153097
0.803577361230945031
0.803579324844164833
0.803591033516063424
0.803612597154865105
0.803643940144970759
0.803684959585522662
0.803735527956272899
0.803795388989820614
0.803864277787337045
0.803941828405288272
0.804027638554122959
0.804121219924597952
0.804222091847239251
0.804329682516047306
0.804443361554054825
0.804562541735286518
0.804686518194187683
0.804814593264358225
0.804946097274202854
0.805080284795431589
0.805216437896601134
0.805353863053651420
0.805491820544667281
0.805629664362848774
0.805766743816641595
0.805902413605907531
0.806036102737625271
0.806167260281106857
0.806295416175587643
0.806420141060818607
0.806541062105917361
0.806657816320989096
0.806770208030817115
0.806878054779023079
0.806981175197364009
0.807079572731078221
0.807173244940317391
0.807262228473916821
0.807346652320932279
0.807426705166696679
0.807502609680559202
0.807574604312416677
0.807643009168813819
0.807708133377140647
0.807770322755269943
0.807829916235182632
0.807887276427102452
0.807942757566473602
0.807996677037492006
0.808049329402143135
0.808100987568464046
0.808151886716137136
0.808202224656964896
0.808252110155663894
0.808301611516523244
0.808350739644989935
0.808399403866375432
0.808447476274003707
0.808494759144475106
0.808540941871176200
0.808585716853653547
0.808628652443496909
0.808669297455202218
0.808707119975673461
0.808741586129644086
0.808772091722609776
0.808798078724716318
0.808818914530282207
0.808834047752271190
0.808842870407224357
0.808844951124584655
0.808839797083301670
0.808827029670169395
0.808806377376086627
0.808777695476534886
0.808740891058191580
0.808696058303594034
0.808643413655182774
0.808583302486261868
0.808516234802333589
0.808442844169396935
0.808363953903673882
0.808280466649324514
0.808193460744802028
0.808104088890086447
0.808013588225373280
0.807923329590442996
0.807834653731334340
0.807748956522955530
0.807667630417416960
0.807592046421630183
0.807523477951160418
0.807463114696900353
0.807412028787342972
0.807371144445123257
0.807341186950073286
0.807322706309684723
0.807316059828790511
0.807321349100096564
0.807338492800686147
0.807367133500147549
0.807406740573212822
0.807456573392119625
0.807515661297407594
0.807582958898563685
0.807657193951013763
0.807737054993344028
0.807821153702723782
0.807908081886387852
0.807996441876300375
0.808084892329915871
0.808172187096233507
0.808257173597439982
0.808338899698892388
0.808416567179023660
0.808489580095326121
0.808557524667389393
0.808620240250997657
0.808677707827482828
0.808730147949284661
0.808777874194026913
0.808821425267414185
0.808861426158269614
0.808898456322573178
0.808933272299352302
0.808966527941671232
0.808998754322404312
0.809030484548334372
0.809062050577137870
0.809093604467524208
0.809125105150621637
0.809156260750302558
0.809186596590439233
0.809215456790807308
0.809241950531555343
0.809264990474607537
0.809283485656961177
0.809296208906350123
0.809302016688487447
0.809299761498656789
0.809288550420264263
0.809267612503196343
0.809236567143445273
0.809195322030292208
0.809144205749910639
0.809083978618586719
0.809015773731789456
0.808941204838170780
0.808862193671419649
0.808780998145209318
0.808700051718805213
0.808621975419406613
0.808549315878123065
0.808484524882617905
0.808429780884661109
0.808386961500865531
0.808357367846049168
0.808341856166028827
0.808340641018419626
0.808353334420329750
0.808378982964869208
0.808416049405668691
0.808462611442278933
0.808516377371268247
0.808574935017033591
0.808635799921054943
0.808696573287307263
0.808755193761259261
0.808809969747672719
0.808859608171221489
0.808903450020667769
0.808941282586102428
0.808973426593720624
0.809000595745562712
0.809023817327396255
0.809044225038526243
0.809062988702568320
0.809081068240351309
0.809099135784682066
0.809117353350204294
0.809135453998132470
0.809152494272777689
0.809167124005780392
0.809177520235952463
0.809181648124122077
0.809177427467759003
0.809162928685980498
0.809136770624520940
0.809098193126073895
0.809047372011235555
0.808985435512695417
0.808914586031269200
0.808837932809012949
0.808759264760760432
0.808682922398052062
0.808613197554880148
0.808554118863864635
0.808508941794795710
0.808479843571931145
0.808467674352954080
0.808471909150658141
0.808490659705207393
0.808520930233129320
0.808558967106230098
0.808600687954930675
0.808642278631109379
0.808680416729873675
0.808712890584381450
0.808738558685054287
0.808757474641825680
0.808770688057879661
0.808779904799951876
0.808786948687992724
0.808793393255781923
0.808799964124785276
0.808806401671595565
0.808811188807257553
0.808811763934065397
0.808804846712119274
0.808787132148365950
0.808755902313404218
0.808709814891617307
0.808649390363040843
0.808577329757135921
0.808498401621483676
0.808418871598300059
0.808345599280591243
0.808285025846247840
0.808241933158001191
0.808218619277016992
0.808214546860736349
0.808226437013588428
0.808248849527517965
0.808275621891702989
0.808300888160021214
0.808320347925828409
0.808331984452409058
0.808336103338374912
0.808334793814443509
0.808330785069620750
0.808326302952367737
0.808321751884149897
0.808315234524406567
0.808302809286647439
0.808279363534164297
0.808240404652464828
0.808183788552382265
0.808111162150929596
0.808028406250656306
0.807944650494429983
0.807870253740044841
0.807813989469120641
0.807780659827820546
0.807769524547403805
0.807774830326932647
0.807787750948259609
0.807799391658640675
0.807803637154402066
0.807798741447316671
0.807786844569610696
0.807771825935128529
0.807756312160006762
0.807739318367191372
0.807715702129282231
0.807678212024692255
0.807621009040121351
0.807543891282012205
0.807454051620344226
0.807364866880387222
0.807291047935376649
0.807242554782178212
0.807220267481466802
0.807215815814041004
0.807216215998764808
0.807210345839051269
0.807194020334451645
0.807169968676240246
0.807143313473323021
0.807115368893658425
0.807080414781013111
0.807028388571424338
0.806952558640297024
0.806857014969788344
0.806758011506230055
0.806676285146518679
0.806624837887763069
0.806600802048153986
0.806588276838239970
0.806570470988418053
0.806540779529992480
0.806503594960416792
0.806464319340233438
0.806418797132122167
0.806354057278612424
0.806261719432298407
0.806151743917425723
0.806050626882028665
