0.999068984431302876
0.999049673073232114
0.999035277909681718
0.999026093440418594
0.999022327111305231
0.999024078908655633
0.999031438605438193
0.999044296930467035
0.999062562648345365
0.999085906091336740
0.999114090453049219
0.999146663847096494
0.999183110976449740
0.999222941181263535
0.999265507692292498
0.999310200737456023
0.999356309201562487
0.999403176163979778
0.999450125266190814
0.999496490130639570
0.999541682056698355
0.999585101154659705
0.999626255078124859
0.999664732352642749
0.999700201582238157
0.999732383157595272
0.999761130923046748
0.999786406210333101
0.999808181225455561
0.999826658696110315
0.999841998039955548
0.999854504825032797
0.999864475295206834
0.999872281060014911
0.999878299691941530
0.999882961259606518
0.999886649280313899
0.999889691740700859
0.999892420053386966
0.999895046837759871
0.999897748524237406
0.999900614659801956
0.999903656238188665
0.999906789119037298
0.999909835667508573
0.999912527460806055
0.999914597174288877
0.999915702490750569
0.999915455944566878
0.999913482313943169
0.999909431574422136
0.999902995471617650
0.999893942455643003
0.999882088163059568
0.999867457039776752
0.999850045247107855
0.999830158232124178
0.999808056413354684
0.999784261276468023
0.999759367414255529
0.999734013670620314
0.999709014064982138
0.999685131835301832
0.999663226510346337
0.999644068414032749
0.999628351329321041
0.999616759390858478
0.999609744107255227
0.999607635408938267
0.999610592373491813
0.999618584751962080
0.999631330689994546
0.999648439266068500
0.999669291180825703
0.999693122306496762
0.999719066242813148
0.999746266673084860
0.999773768502346227
0.999800643115524634
0.999826100579390031
0.999849465147937488
0.999870167075541216
0.999887906076787791
0.999902462858754171
0.999913943630191371
0.999922528831779012
0.999928587575645178
0.999932612260521436
0.999935136717064132
0.999936671383365394
0.999937751000121389
0.999938766505408250
0.999939990362093467
0.999941460487456801
0.999943159809691173
0.999944862827819914
0.999946108016428914
0.999946493852124974
0.999945418714241585
0.999942407235435371
0.999937050216023193
0.999929057320551706
0.999918409412160591
0.999905265742172533
0.999890060177780926
0.999873550282679879
0.999856597461114216
0.999840232356452807
0.999825563188561306
0.999813633524979872
0.999805390656866910
0.999801439136805081
0.999802230788633506
0.999807692398497649
0.999817524147050163
0.999830942927071198
0.999847069242724151
0.999864646861545525
0.999882541320166185
0.999899487622585958
0.999914608884990286
0.999927191396313475
0.999936874761133243
0.999943631724249493
0.999947831870357295
0.999950043831628110
0.999950982620881779
0.999951321799454784
0.999951646318867682
0.999952261160427014
0.999953209256881359
0.999954176841028497
0.999954622621285982
0.999953855456638063
0.999951228766886802
0.999946191936773032
0.999938560029769330
0.999928603314674036
0.999916978543218815
0.999904781872955617
0.999893353822896791
0.999884109412953026
0.999878275947333028
0.999876696180622804
0.999879583678599304
0.999886643704422595
0.999896901101054669
0.999909007628262403
0.999921406620426945
0.999932657502714317
0.999941715703055678
0.999947991561839999
0.999951605030303781
0.999953097666400614
0.999953355145034251
0.999953228473790423
0.999953350743103764
0.999953811885240906
0.999954260640484316
0.999953909519676665
0.999951862289146898
0.999947466097090509
0.999940612507852600
0.999931923492579755
0.999922646576846375
0.999914589274441767
0.999909321992777933
0.999908044198298818
0.999911104427455011
0.999917751952558609
0.999926463550703470
0.999935388006227610
0.999942787953779999
0.999947651714903407
0.999949933055049089
0.999950352560804667
0.999950012915352016
0.999949781696488516
0.999949937361637731
0.999949867674287729
0.999948538426496003
0.999945051639205884
0.999939199401000733
0.999931905668845822
0.999925070635491631
0.999920707861314706
0.999920328531300417
0.999923920007668388
0.999930148163857502
0.999936748488933103
0.999941730693870712
0.999944188596067152
0.999944479479438542
0.999943902442921861
0.999943518569792911
0.999943354993227174
0.999942425576399674
0.999939493257972711
0.999934314469817953
0.999928179595501287
0.999923546368736815
0.999922473261849576
0.999925223209218506
0.999930150747299629
0.999934561326164539
0.999936699098935233
0.999936658145955892
0.999935858083257689
0.999935310681509648
0.999934594234681340
0.999932242735460330
0.999927657399628966
0.999922456622131639
0.999919449873318378
0.999920291906697400
0.999923796619920480
0.999926942702908161
0.999927822619653295
0.999926965825530090
0.999926025435857957
0.999925135971464818
0.999922749754251217
0.999918308998641092
0.999914057415107305
0.999912926264985180
0.999915078485075104
0.999917311564070155
0.999917400785129473
0.999916100064177082
0.999914956204768668
0.999913073953047515
0.999909123371369613
0.999905061792847549
0.999904154603795892
0.999905790346031997
0.999906345162083987
0.999904965961991743
0.999903426410218565
0.999901281886146243
0.999897194736721229
0.999893794420474546
0.999893704021892260
0.999894245102007306
0.999892781250034668
0.999890824986936044
0.999888236030552435
0.999883936121364392
0.999881320016542618
0.999881307814868170
0.999879975874570670
0.999877555536573981
0.999874694692830635
0.999870224061213730
0.999867746723203221
0.999866894656697314
0.999864307438641742
0.999861324044886923
0.999856835859972648
0.999853399667000708
0.999851759844007204
0.999848529026153510
0.999844815176292534
0.999839723582183981
0.999836854112820972
0.999833641090534186
0.999829494517506023
0.999824052091545679
0.999820196218357493
0.999816192625825662
0.999811284820157353
0.999805254555241829
0.999801022421888064
0.999795706139234963
0.999789275440482128
0.999783660454358736
0.999777818916209426
0.999770810760648221
0.999764142723822080
0.999757338817280683
0.999749240588441057
0.999741902838263474
0.999733722497872845
0.999724551622661162
0.999715957198042848
0.999705889120646618
0.999696227652919878
0.999685355289512412
0.999674287053127664
0.999662306556952873
0.999649840482957019
0.999636365904201130
0.999622498635950762
0.999607197872719344
0.999591681850735880
0.999574615947707579
0.999556572665460386
0.999537579316923219
0.999516984580851919
0.999494896416311285
0.999471615198510133
