50265482.457436688244342804
50118384.473656557500362396
49971286.489876434206962585
49824188.506096310913562775
49677090.522316187620162964
49529992.538536064326763153
49382894.554755941033363342
49235796.570975817739963531
49088698.587195694446563721
48941600.603415571153163910
48794502.619635440409183502
48647404.635855317115783691
48500306.652075193822383881
48353208.668295070528984070
48206110.684514947235584259
48059012.700734823942184448
47911914.716954700648784637
47764816.733174577355384827
47617718.749394454061985016
47470620.765614330768585205
47323522.781834200024604797
47176424.798054076731204987
47029326.814273953437805176
46882228.830493830144405365
46735130.846713706851005554
46588032.862933583557605743
46440934.879153460264205933
46293836.895373336970806122
46146738.911593213677406311
45999640.927813082933425903
45852542.944032959640026093
45705444.960252836346626282
45558346.976472713053226471
45411248.992692589759826660
45264151.008912466466426849
45117053.025132343173027039
44969955.041352219879627228
44822857.057572096586227417
44675759.073791973292827606
44528661.090011842548847198
44381563.106231719255447388
44234465.122451595962047577
44087367.138671472668647766
43940269.154891349375247955
43793171.171111226081848145
43646073.187331102788448334
43498975.203550979495048523
43351877.219770856201648712
43204779.235990725457668304
43057681.252210602164268494
42910583.268430478870868683
42763485.284650355577468872
42616387.300870232284069061
42469289.317090108990669250
42322191.333309985697269440
42175093.349529862403869629
42027995.365749739110469818
41880897.381969615817070007
41733799.398189485073089600
41586701.414409361779689789
41439603.430629238486289978
41292505.446849115192890167
41145407.463068991899490356
40998309.479288868606090546
40851211.495508745312690735
40704113.511728622019290924
40557015.527948498725891113
40409917.544168367981910706
40262819.560388244688510895
40115721.576608121395111084
39968623.592827998101711273
39821525.609047874808311462
39674427.625267751514911652
39527329.641487628221511841
39380231.657707504928112030
39233133.673927381634712219
39086035.690147258341312408
38938937.706367135047912598
38791839.722587011754512787
38644741.738806881010532379
38497643.755026757717132568
38350545.771246634423732758
38203447.787466511130332947
38056349.803686387836933136
37909251.819906264543533325
37762153.836126141250133514
37615055.852346017956733704
37467957.868565894663333893
37320859.884785771369934082
37173761.901005640625953674
37026663.917225517332553864
36879565.933445394039154053
36732467.949665270745754242
36585369.965885147452354431
36438271.982105024158954620
36291173.998324900865554810
36144076.014544777572154999
35996978.030764654278755188
35849880.046984523534774780
35702782.063204400241374969
35555684.079424276947975159
35408586.095644153654575348
35261488.111864030361175537
35114390.128083907067775726
34967292.144303783774375916
34820194.160523660480976105
34673096.176743537187576294
34525998.192963406443595886
34378900.209183283150196075
34231802.225403159856796265
34084704.241623036563396454
33937606.257842913269996643
33790508.274062789976596832
33643410.290282666683197021
33496312.306502539664506912
33349214.322722416371107101
33202116.338942293077707291
33055018.355162166059017181
32907920.371382042765617371
32760822.387601919472217560
32613724.403821796178817749
32466626.420041672885417938
32319528.436261545866727829
32172430.452481422573328018
32025332.468701299279928207
31878234.484921175986528397
31731136.501141048967838287
31584038.517360925674438477
31436940.533580802381038666
31289842.549800679087638855
31142744.566020555794239044
30995646.582240428775548935
30848548.598460305482149124
30701450.614680182188749313
30554352.630900058895349503
30407254.647119935601949692
30260156.663339808583259583
30113058.679559685289859772
29965960.695779561996459961
29818862.711999438703060150
29671764.728219315409660339
29524666.744439188390970230
29377568.760659065097570419
29230470.776878941804170609
29083372.793098818510770798
28936274.809318691492080688
28789176.825538568198680878
28642078.841758444905281067
28494980.857978321611881256
28347882.874198198318481445
28200784.890418071299791336
28053686.906637948006391525
27906588.922857824712991714
27759490.939077701419591904
27612392.955297578126192093
27465294.971517451107501984
27318196.987737327814102173
27171099.003957204520702362
27024001.020177081227302551
26876903.036396957933902740
26729805.052616830915212631
26582707.068836707621812820
26435609.085056584328413010
26288511.101276461035013199
26141413.117496334016323090
25994315.133716210722923279
25847217.149936087429523468
25700119.166155964136123657
25553021.182375840842723846
25405923.198595713824033737
25258825.214815590530633926
25111727.231035467237234116
24964629.247255343943834305
24817531.263475220650434494
24670433.279695093631744385
24523335.295914970338344574
24376237.312134847044944763
24229139.328354723751544952
24082041.344574600458145142
23934943.360794473439455032
23787845.377014350146055222
23640747.393234226852655411
23493649.409454103559255600
23346551.425673976540565491
23199453.441893853247165680
23052355.458113729953765869
22905257.474333606660366058
22758159.490553483366966248
22611061.506773360073566437
22463963.522993233054876328
22316865.539213109761476517
22169767.555432986468076706
22022669.571652863174676895
21875571.587872739881277084
21728473.604092612862586975
21581375.620312489569187164
21434277.636532366275787354
21287179.652752242982387543
21140081.668972119688987732
20992983.685191992670297623
20845885.701411869376897812
20698787.717631746083498001
20551689.733851622790098190
20404591.750071495771408081
20257493.766291372478008270
20110395.782511249184608459
19963297.798731125891208649
19816199.814951002597808838
19669101.831170875579118729
19522003.847390752285718918
19374905.863610628992319107
19227807.879830505698919296
19080709.896050382405519485
18933611.912270255386829376
18786513.928490132093429565
18639415.944710008800029755
18492317.960929885506629944
18345219.977149762213230133
18198121.993369635194540024
18051024.009589511901140213
17903926.025809388607740402
17756828.042029265314340591
17609730.058249138295650482
17462632.074469015002250671
17315534.090688891708850861
17168436.106908768415451050
17021338.123128645122051239
16874240.139348518103361130
16727142.155568394809961319
16580044.171788271516561508
16432946.188008148223161697
16285848.204228024929761887
16138750.220447897911071777
15991652.236667774617671967
15844554.252887651324272156
15697456.269107528030872345
15550358.285327404737472534
15403260.301547277718782425
15256162.317767154425382614
15109064.333987031131982803
14961966.350206907838582993
14814868.366426780819892883
14667770.382646657526493073
14520672.398866534233093262
14373574.415086410939693451
14226476.431306287646293640
14079378.447526162490248680
13932280.463746037334203720
13785182.479965914040803909
13638084.496185790747404099
13490986.512405665591359138
13343888.528625540435314178
13196790.544845417141914368
13049692.561065293848514557
12902594.577285170555114746
12755496.593505045399069786
12608398.609724920243024826
12461300.625944796949625015
12314202.642164673656225204
12167104.658384550362825394
12020006.674604425206780434
11872908.690824300050735474
11725810.707044176757335663
11578712.723264053463935852
11431614.739483930170536041
11284516.755703805014491081
11137418.771923679858446121
10990320.788143556565046310
10843222.804363433271646500
10696124.820583308115601540
10549026.836803182959556580
10401928.853023059666156769
10254830.869242936372756958
10107732.885462813079357147
9960634.901682687923312187
9813536.917902562767267227
9666438.934122439473867416
9519340.950342316180467606
9372242.966562191024422646
9225144.982782067731022835
9078046.999001942574977875
8930949.015221819281578064
8783851.031441695988178253
8636753.047661570832133293
8489655.063881447538733482
8342557.080101323314011097
8195459.096321199089288712
8048361.112541074864566326
7901263.128760950639843941
7754165.144980827346444130
7607067.161200702190399170
7459969.177420578896999359
7312871.193640454672276974
7165773.209860330447554588
7018675.226080206222832203
6871577.242300081998109818
6724479.258519958704710007
6577381.274739834479987621
6430283.290959710255265236
6283185.307179586030542850
