0.883803169018799850
0.883807918147679117
0.883819776869665841
0.883838815731800009
0.883865058689233152
0.883898404715164010
0.883938826638767106
0.883986155783298755
0.884040240911833197
0.884100821801365067
0.884167680215184659
0.884240491416205310
0.884318948125677462
0.884402649184501732
0.884491218881712782
0.884584215837248222
0.884681192773614455
0.884781679795587750
0.884885189101086267
0.884991224871420123
0.885099304669154319
0.885208874375757682
0.885319480432577244
0.885430621556617004
0.885541821562888187
0.885652620187147410
0.885762583725143049
0.885871287707792221
0.885978364957807685
0.886083474519459457
0.886186298927007288
0.886286573719061943
0.886384078669332109
0.886478589192418287
0.886569974261137150
0.886658139592107930
0.886743021753976013
0.886824617145526295
0.886902890747363393
0.886977947638541320
0.887049863923432214
0.887118735321295260
0.887184709804199167
0.887247971089479837
0.887308686650665646
0.887367049667555752
0.887423259757597060
0.887477504434073472
0.887530005756305806
0.887580930889771746
0.887630450490835110
0.887678702079820581
0.887725849818101542
0.887771918738248456
0.887817043063395706
0.887861224631431689
0.887904400012591077
0.887946575869301591
0.887987640998392114
0.888027449115689871
0.888065798146630891
0.888102526652883917
0.888137299552409387
0.888169900870521611
0.888199994626020950
0.888227242800856298
0.888251275776321902
0.888271764334500058
0.888288352776800627
0.888300655394406835
0.888308369952958476
0.888311198432765736
0.888308861267755878
0.888301150768396663
0.888287899804913628
0.888269042028896672
0.888244523165748423
0.888214437224920994
0.888178900812433114
0.888138199403965989
0.888092623384756807
0.888042597548597601
0.887988672922075728
0.887931457226168064
0.887871604415329752
0.887809873884144896
0.887747175016714518
0.887684313566763805
0.887622233712821118
0.887561894158045983
0.887504190675472371
0.887450126821319074
0.887400579091939257
0.887356360956417234
0.887318288867613214
0.887287056217575976
0.887263188364229793
0.887247205437537545
0.887239427053096885
0.887240034438982361
0.887249030377227355
0.887266348735772148
0.887291727945231923
0.887324737922046913
0.887364856341591124
0.887411454488454154
0.887463717406203112
0.887520825610417230
0.887581894489348322
0.887645967708702521
0.887712083219435177
0.887779301598504822
0.887846774993977461
0.887913626244658638
0.887979097872721224
0.888042575584045091
0.888103516698143136
0.888161552985979985
0.888216374383802298
0.888267853390930284
0.888316001547252987
0.888360894211139063
0.888402739364809735
0.888441844137549119
0.888478507271904805
0.888513139497555393
0.888546070039403446
0.888577670890189797
0.888608236856979872
0.888638001784147535
0.888667128003379769
0.888695548923200684
0.888723221579306943
0.888749864504386311
0.888775184526110040
0.888798586182050099
0.888819540012928067
0.888837369929329713
0.888851294567026939
0.888860603540621685
0.888864603906212802
0.888862584300575520
0.888854040144578583
0.888838583257055115
0.888816004369159862
0.888786335265783878
0.888749921203483617
0.888707315953826238
0.888659318662021303
0.888607089667693195
0.888551923185186943
0.888495373275352995
0.888439109421393702
0.888384852813922987
0.888334385019673878
0.888289307502402758
0.888251163656527787
0.888221178136400558
0.888200327693264513
0.888189184316377389
0.888187970320805542
0.888196493293763045
0.888214111392218286
0.888239914361570793
0.888272636541778682
0.888310800137745105
0.888352777296692819
0.888396938899508215
0.888441709032710691
0.888485643591235941
0.888527588361323950
0.888566625064484472
0.888602249497501218
0.888634218850921975
0.888662638139046668
0.888687867993097402
0.888710465325664889
0.888731069891977365
0.888750328702284098
0.888768763768501113
0.888786674438129309
0.888804118732928305
0.888820798637049214
0.888836124725889243
0.888849155587600248
0.888858690672280183
0.888863454430904421
0.888862057482459389
0.888853317260030917
0.888836292973650854
0.888810551796541892
0.888776131065754815
0.888733769982142818
0.888684894817325821
0.888631497039558904
0.888576136503730685
0.888521654130148164
0.888471044075070937
0.888427087133351501
0.888392144652980109
0.888367980340944774
0.888355419585748707
0.888354414057281438
0.888364005906523868
0.888382384714355600
0.888407218857176662
0.888435818304020519
0.888465570885470513
0.888494154473627229
0.888519858992691813
0.888541654400673231
0.888559327099577301
0.888573291640402774
0.888584466930181005
0.888593903499501292
0.888602535368067881
0.888610841243186900
0.888618646047779848
0.888624982350859294
0.888628229093008981
0.888626263203386002
0.888616804531233040
0.888597956045993231
0.888568555544268057
0.888528615890909590
0.888479613526468093
0.888424382228581666
0.888366962559688056
0.888311995926787779
0.888264150854684909
0.888227232681029766
0.888203638067499468
0.888193804389879271
0.888196302520482872
0.888208040928642695
0.888224951695358089
0.888242951686577409
0.888258625096385979
0.888269952720085576
0.888276483604676481
0.888279123797732995
0.888279492306019103
0.888279077537399098
0.888278455524112664
0.888276666217048372
0.888271342369813310
0.888259079529313933
0.888236426956907854
0.888201139520037763
0.888153315322027015
0.888095780574053362
0.888034083281439623
0.887975319465290625
0.887926438365458148
0.887892362766911747
0.887874669971351782
0.887871076524935132
0.887876404652544138
0.887884288085667439
0.887889434082483442
0.887889121304834439
0.887883585449121826
0.887875046654090450
0.887865767866905853
0.887856039515216744
0.887843302415863733
0.887822665479474749
0.887789045381353392
0.887739944912070755
0.887677747537411133
0.887609935682863282
0.887547084959308563
0.887498782980436829
0.887469690894138963
0.887457593716469151
0.887454733647828231
0.887452040858600633
0.887443604768401562
0.887428826376728486
0.887410880056558993
0.887392441939587551
0.887371873469519290
0.887342771866399871
0.887297767622013400
0.887234654021691660
0.887160145046488546
0.887088385429330106
0.887033576422542103
0.887001443600439976
0.886985909605526590
0.886974276625402958
0.886956557460037542
0.886931555003345529
0.886903832741274711
0.886875050263961184
0.886838446717133966
0.886783664286804774
0.886708018966045008
0.886623976686684911
0.886552639379147633
