0.809760398082690958
0.809731972915874954
0.809712584629111221
0.809702441552231589
0.809701747138773520
0.809710632370723493
0.809729104214017226
0.809757181255396863
0.809794760445740391
0.809841716737361605
0.809897837209676008
0.809962855079668254
0.810036460430749172
0.810118233962281997
0.810207712571636152
0.810304463055476987
0.810407909103748159
0.810517442352139739
0.810632498005478763
0.810752417009590665
0.810876489036077230
0.811004058771885306
0.811134415073728632
0.811266859258809814
0.811400679832265270
0.811535217819446486
0.811669747071526615
0.811803659343972250
0.811936357986974611
0.812067222726064908
0.812195755745480530
0.812321458200726321
0.812443877203692599
0.812562676910717263
0.812677518685613887
0.812788127112761272
0.812894341694414657
0.812995996242428354
0.813093064043583058
0.813185517758107768
0.813273436520364101
0.813356879586200177
0.813436051842755470
0.813511143392553038
0.813582411121491100
0.813650122895115846
0.813714616296810078
0.813776178418896934
0.813835195080159446
0.813891975770550724
0.813946892995164650
0.814000263436153171
0.814052376116199627
0.814103501459265244
0.814153896008881106
0.814203732502730482
0.814253157764897928
0.814302241429853746
0.814351025290687480
0.814399410939403157
0.814447316356377460
0.814494548462481482
0.814540828544337847
0.814585852188866477
0.814629202204668390
0.814670467718079272
0.814709142057648106
0.814744687570757686
0.814776528217389107
0.814804070161515348
0.814826759024635194
0.814843972890651691
0.814855190481682645
0.814859858851356145
0.814857538688104510
0.814847826941524911
0.814830432904282698
0.814805107770848025
0.814771852060025448
0.814730611464319909
0.814681592312072933
0.814625121966630727
0.814561662329144842
0.814491779158524221
0.814416229356334287
0.814335923756902891
0.814251859426803559
0.814165151874325588
0.814076999744545171
0.813988745463729679
0.813901695080191723
0.813817250344456511
0.813736787498468117
0.813661643941833823
0.813593102647356514
0.813532368430506470
0.813480526359114164
0.813438491891547044
0.813407062302129003
0.813386820987374026
0.813378119814268663
0.813381127409480431
0.813395810242195538
0.813421891282697596
0.813458817831810066
0.813505937083281894
0.813562347766707883
0.813626988304787191
0.813698698943776000
0.813776175141424862
0.813858036664934947
0.813942940454438268
0.814029481156923307
0.814116357626737064
0.814202294051318165
0.814286215619635434
0.814367108584523103
0.814444153459876863
0.814516756990715796
0.814584498578355465
0.814647143181881361
0.814704685348720536
0.814757264654274005
0.814805238845146440
0.814849042044192950
0.814889286548747593
0.814926601910684223
0.814961614810950641
0.814995032499855054
0.815027418222300959
0.815059284346671742
0.815090944537282924
0.815122634275490809
0.815154312869305064
0.815185783580160028
0.815216600772673550
0.815246103835938096
0.815273490495204145
0.815297733821946480
0.815317727293637273
0.815332320658904597
0.815340293135230598
0.815340573232745114
0.815332174446849911
0.815314319591009751
0.815286543027855859
0.815248710350938932
0.815201047312190785
0.815144204184891752
0.815079265641647677
0.815007697237173812
0.814931369891157664
0.814852459836548193
0.814773341206278978
0.814696587548154771
0.814624714295229535
0.814560183658022741
0.814505252961448378
0.814461719687468833
0.814431069280038278
0.814414212110979419
0.814411410172453221
0.814422400993137341
0.814446318349761555
0.814481761057769260
0.814526839451099050
0.814579399983654362
0.814637021729759270
0.814697277318886859
0.814757823131590841
0.814816547063528573
0.814871739837625397
0.814922092587371028
0.814966865135927754
0.815005764687085077
0.815039068182440984
0.815067389029408562
0.815091702690185937
0.815113127656204695
0.815132770632626902
0.815151658045461636
0.815170413060534726
0.815189342945318196
0.815208193605610809
0.815226174930463898
0.815241995972770916
0.815253936989171035
0.815259992082188023
0.815258119603306186
0.815246398071017508
0.815223347024689016
0.815188138022355235
0.815140742053216516
0.815082197060606362
0.815014481769256838
0.814940550748559867
0.814864107762551693
0.814789349096894711
0.814720598447061128
0.814661833355301623
0.814616444474295487
0.814586716748874839
0.814573711956718904
0.814577050748767517
0.814595001058199930
0.814624785908775184
0.814662728720656593
0.814704879762803036
0.814747376677588675
0.814786919883574878
0.814821165146699666
0.814848834979971626
0.814869870780537853
0.814885153829871589
0.814896265186296875
0.814904984074824590
0.814912854477631843
0.814920745626343868
0.814928508990818257
0.814934753752679431
0.814937117829632740
0.814932467933780602
0.814917498254007722
0.814889479217824175
0.814846897206449317
0.814790036625169578
0.814721331055102582
0.814645279975895198
0.814567941094245240
0.814496114095636936
0.814436221353994738
0.814393267392385711
0.814369838662587497
0.814365636415283367
0.814377729956814012
0.814400964515611392
0.814429231183855684
0.814456712633266577
0.814478928662756396
0.814493613923214066
0.814500825253334670
0.814502386292820901
0.814500889573350761
0.814498537803302836
0.814495920141582452
0.814491433339534776
0.814481343871302443
0.814460783252903053
0.814425236570489042
0.814372409381543760
0.814303548856984749
0.814224097211623810
0.814142863558495855
0.814070083607200679
0.814014730637693362
0.813981961350397798
0.813971576754023984
0.813978308187645161
0.813993550486065809
0.814008491305646342
0.814016692578732326
0.814015973295652118
0.814007991106809770
0.813996326771463719
0.813983644909709869
0.813969247319285660
0.813948529942321253
0.813914449619062896
0.813861234953790369
0.813788268718884655
0.813702133529903726
0.813615739529480630
0.813543729891870626
0.813496539932100582
0.813475829383139448
0.813473962301719755
0.813478228599071596
0.813477330268340126
0.813466287410543942
0.813447113514064180
0.813424505517384766
0.813400010371756799
0.813368526005420200
0.813320516058236520
0.813249225552562738
0.813158076858464751
0.813062570928276163
0.812983290274720605
0.812933943441980222
0.812912848955893441
0.812904906305177644
0.812893161150044841
0.812869942421882263
0.812838479566391992
0.812803798112545328
0.812762431499527982
0.812702328360695336
0.812615073796065235
0.812509746390689847
0.812412104294743309
