0.983282880940742010
0.983338660317582658
0.983397454072287402
0.983458987228060466
0.983523028524094012
0.983589269184177550
0.983657482532115712
0.983727366179285800
0.983798627144830351
0.983870987059032753
0.983944180807976854
0.984017868725315714
0.984091799446725868
0.984165686842198739
0.984239313409706829
0.984312384527893158
0.984384648358983760
0.984455932125153144
0.984525983061695698
0.984594641126463888
0.984661727951810839
0.984727096184678130
0.984790601901885609
0.984852173032602196
0.984911692456284293
0.984969117705759567
0.985024407809969138
0.985077549477238357
0.985128549837510636
0.985177426298749714
0.985224201798874488
0.985268940923835324
0.985311713175268888
0.985352593700024149
0.985391702610146636
0.985429085969353080
0.985464901900402146
0.985499205824288960
0.985532130642224335
0.985563742986960256
0.985594156686789624
0.985623451972088227
0.985651702869187685
0.985678969752718959
0.985705299050095851
0.985730685937294737
0.985755185204537310
0.985778824904011142
0.985801471033424304
0.985823177010436202
0.985843879558055081
0.985863441154981923
0.985881831505261541
0.985898971177348482
0.985914673583844547
0.985928880976855271
0.985941458313353558
0.985952283642044680
0.985961212547211918
0.985968149104200386
0.985972988998981670
0.985975582059737343
0.985975908028172254
0.985973890170010359
0.985969480258111042
0.985962653252082766
0.985953418262666803
0.985941836041149711
0.985927956420884599
0.985911894534723054
0.985893810381331503
0.985873801681291906
0.985852128374261727
0.985829000811375367
0.985804672596579223
0.985779433232526148
0.985753587515949437
0.985727410691719763
0.985701317874599581
0.985675587559801447
0.985650599288281581
0.985626688734478784
0.985604208906998847
0.985583479344176783
0.985564800734163082
0.985548473926481927
0.985534735494894121
0.985523816070035585
0.985515904487179739
0.985511158048238411
0.985509651010311627
0.985511440366495184
0.985516532761274600
0.985524891525408342
0.985536426928764420
0.985551001638118374
0.985568425866146125
0.985588480810049683
0.985610957350209205
0.985635536806336088
0.985661917309339275
0.985689781204135196
0.985718813516849424
0.985748713859868619
0.985779089700998812
0.985809703220270395
0.985840198338920781
0.985870368847351020
0.985899959238664692
0.985928769442145581
0.985956684463391575
0.985983501993673905
0.986009217613728062
0.986033764433926319
0.986057146291476783
0.986079365576853828
0.986100505614185496
0.986120626537628442
0.986139788874420442
0.986158123825126687
0.986175659800112125
0.986192505004082620
0.986208642788821810
0.986224158550692676
0.986238989411051925
0.986253144391805669
0.986266478928288892
0.986278891640004263
0.986290293770225035
0.986300458680086756
0.986309260826230383
0.986316451459205656
0.986321886739335962
0.986325389361687122
0.986326818633128100
0.986326057095453512
0.986323062405279560
0.986317809740225981
0.986310393381797379
0.986300863423451801
0.986289455174354956
0.986276401134863479
0.986262006338134434
0.986246626061774156
0.986230686255846312
0.986214556437352674
0.986198730453659467
0.986183605196555235
0.986169633423575331
0.986157201308361597
0.986146656299729751
0.986138255418252951
0.986132230247776187
0.986128697544640054
0.986127726707513474
0.986129261663778900
0.986133218086422403
0.986139385094772836
0.986147511466352600
0.986157297365033880
0.986168425414374550
0.986180537854190242
0.986193286870603258
0.986206344337920315
0.986219476539203388
0.986232378356171169
0.986244919590782199
0.986257004366635215
0.986268527349803970
0.986279575097553485
0.986290146082456243
0.986300304855897814
0.986310150365679927
0.986319711706320157
0.986329031746119744
0.986338024764874310
0.986346605751805217
0.986354606864917716
0.986361777901769488
0.986367827284752585
0.986372442323919407
0.986375343677591943
0.986376187173594543
0.986374859216073707
0.986371219593659920
0.986365242108121820
0.986357110430540751
0.986347117884998625
0.986335655046452708
0.986323224520978981
0.986310398152346668
0.986297722267545085
0.986285852240294858
0.986275228350079969
0.986266321025988768
0.986259364029006935
0.986254516528399239
0.986251790231012726
0.986251022722526072
0.986251902651523626
0.986254127673317105
0.986257255674332312
0.986260916205088378
0.986264785011509493
0.986268576092087623
0.986272157567348096
0.986275495560276272
0.986278667190303548
0.986281786736226351
0.986285054027574826
0.986288559883192195
0.986292328450655287
0.986296245090050205
0.986300001541041138
0.986303201806322360
0.986305265028942890
0.986305666194358110
0.986303877189125155
0.986299577496227431
0.986292690654338555
0.986283419967566188
0.986272200902650775
0.986259802034301081
0.986247047113558151
0.986234842094938169
0.986223896157052415
0.986214818386960457
0.986207833632280928
0.986202851929649071
0.986199551675601804
0.986197401245726413
0.986195775332050495
0.986194139752112897
0.986192095345694186
0.986189557663577188
0.986186693375928347
0.986183782652599317
0.986181299136470013
0.986179565078387999
0.986178612628694773
0.986178158215303191
0.986177503259644817
0.986175720877506490
0.986171873696801815
0.986165176300757729
0.986155484042375408
0.986143165902929386
0.986129184016307669
0.986114876096658821
0.986101571216122519
0.986090267185790070
0.986081399876778231
0.986074696103465431
0.986069356894198834
0.986064286418174119
0.986058594580752179
0.986051815237225515
0.986044092063135813
0.986036108486778917
0.986028775036914440
0.986022685155889866
0.986017803245675117
0.986013235416543843
0.986007485704437969
0.985998986586962722
0.985986974951561845
0.985971742338001667
0.985954846533739326
0.985938407183475585
0.985924216342967230
0.985913023435472491
0.985904187466605908
0.985896094561655056
0.985887059798455589
0.985876159680341146
0.985863803129473415
0.985851376806375912
0.985840371584793096
0.985831136497091642
0.985822379549250005
0.985811719760902316
0.985797187502447159
0.985778730218837884
0.985758427091363187
0.985739484700178359
0.985724055338457084
0.985711838445506139
0.985700434827235350
0.985687145000002207
0.985671152854571075
0.985654057187243637
0.985638341786105099
0.985624799027209675
0.985611381834635369
0.985594580858825897
0.985572901879589791
0.985548747779332435
0.985526611980176548
0.985508954425928896
0.985493902827396684
