0.997128998486375262
0.997208284424530356
0.997291242226070351
0.997377525179161006
0.997466666529240209
0.997558225119190456
0.997651686524513859
0.997746622904186808
0.997842571084415653
0.997939044741587677
0.998035582053450887
0.998131694633283661
0.998226979105151901
0.998320956570273643
0.998413258090036448
0.998503459696050033
0.998591193485672823
0.998676146507484153
0.998758013833236480
0.998836513916775304
0.998911451075002010
0.998982587413130174
0.999049780088451467
0.999112924280367798
0.999171963216500369
0.999226825485054815
0.999277528968709472
0.999324130674667077
0.999366699437274186
0.999405387134374767
0.999440310375366403
0.999471649404391815
0.999499636331698027
0.999524475582329819
0.999546458491891388
0.999565733847944560
0.999582686733739956
0.999597535866967646
0.999610578360889956
0.999622060008295565
0.999632267629028348
0.999641409804989833
0.999649719282274085
0.999657439880421328
0.999664669357091862
0.999671605349439552
0.999678371945930566
0.999685025596934396
0.999691623237498606
0.999698153829920000
0.999704581088978861
0.999710863415551820
0.999716904651028915
0.999722526538542877
0.999727612472518401
0.999731925169001112
0.999735292404484888
0.999737474894023426
0.999738230354874857
0.999737346098724000
0.999734510611900884
0.999729542227426715
0.999722226882826970
0.999712331743528915
0.999699733178965877
0.999684254644912507
0.999665829048035803
0.999644385492599485
0.999619953251082549
0.999592546432320983
0.999562307775571646
0.999529447684480377
0.999494104111606663
0.999456632730188921
0.999417374779417833
0.999376685860341341
0.999335079047609098
0.999293006340120527
0.999250977620649072
0.999209576994851578
0.999169359537532276
0.999130895980463563
0.999094780218039880
0.999061568169746228
0.999031755856517045
0.999005910497821059
0.998984415171266571
0.998967705767560665
0.998956061372034076
0.998949803295117955
0.998949027984229576
0.998953859769385111
0.998964252014854948
0.998980093845749040
0.999001202323592241
0.999027303753831419
0.999057978042688366
0.999092770077835701
0.999131212362316390
0.999172623539191451
0.999216477030136163
0.999262043097829178
0.999308646691405067
0.999355640445971360
0.999402307483273300
0.999448066741112084
0.999492265064672036
0.999534438366400657
0.999574042425254494
0.999610760262428011
0.999644294506540576
0.999674400442113198
0.999700982579228015
0.999724074009171626
0.999743743904157434
0.999760160696896327
0.999773569697431808
0.999784262000029567
0.999792616303692205
0.999799019234391961
0.999803865492473798
0.999807530921791976
0.999810402046720115
0.999812808579415235
0.999815000677559129
0.999817235691618844
0.999819574168242187
0.999822111250121437
0.999824774598727317
0.999827440922388511
0.999829875627857190
0.999831838857265787
0.999832995946133729
0.999832954068152091
0.999831378439641760
0.999827882171427484
0.999822120960541905
0.999813850161562434
0.999802849832593710
0.999789043321012261
0.999772466567166118
0.999753233121129514
0.999731671331558380
0.999708202356421327
0.999683320499424211
0.999657708302623460
0.999632112129828720
0.999607294106343636
0.999584079259072777
0.999563277311169784
0.999545665814313700
0.999531908840426198
0.999522549988996478
0.999517996520654539
0.999518501800878090
0.999524100618244260
0.999534604555614381
0.999549697003788040
0.999568835560191382
0.999591288477068129
0.999616288063129077
0.999642903782724579
0.999670224662559725
0.999697306913427397
0.999723286472251060
0.999747430837889084
0.999769103474522747
0.999787847930236451
0.999803483801547599
0.999815904694782542
0.999825276198652357
0.999831910071604435
0.999836254279895975
0.999838792051894187
0.999840078748579053
0.999840683412416276
0.999841057745926687
0.999841485628498616
0.999842176847200559
0.999843168512671410
0.999844208652978517
0.999845050082766584
0.999845225462541398
0.999844209446556609
0.999841469033710184
0.999836561314096484
0.999829117794051481
0.999819011259181600
0.999806312710187717
0.999791343725889847
0.999774733082902545
0.999757252646984229
0.999739912761127059
0.999723798409039244
0.999709994508243383
0.999699508983828755
0.999693122666728051
0.999691365276628163
0.999694368407093137
0.999701937237814420
0.999713496132179968
0.999728194127394554
0.999744912858217649
0.999762429321742752
0.999779522651212282
0.999795114267905238
0.999808349535840413
0.999818727734303914
0.999826102002053463
0.999830648868906158
0.999832862105731079
0.999833418337228386
0.999833043905696939
0.999832382602064418
0.999831881196618255
0.999831725469650268
0.999831771136451941
0.999831535891385736
0.999830444591791379
0.999827750427035311
0.999822875767253039
0.999815435647548933
0.999805519742560267
0.999793620871188615
0.999780617701686802
0.999767786303894623
0.999756542483239863
0.999748259740899092
0.999743923366744225
0.999744115754362728
0.999748730787990869
0.999757039733157105
0.999767837469657805
0.999779597760531158
0.999790755020046773
0.999800028277112229
0.999806628437601708
0.999810335638664838
0.999811529907839280
0.999811002778167146
0.999809642869880610
0.999808263234597816
0.999807225267868249
0.999806368393744593
0.999805107666065340
0.999802528356868669
0.999797863459222058
0.999790706468510315
0.999781373244814309
0.999770840708928632
0.999760741970285749
0.999752780677595765
0.999748476685208498
0.999748498845156930
0.999752597986460545
0.999759521477771917
0.999767463199722095
0.999774441422349724
0.999779150018831775
0.999781040810299726
0.999780513927689740
0.999778612307950065
0.999776423200166575
0.999774557132500297
0.999772799173070492
0.999770268603299095
0.999765906040335994
0.999759160300254801
0.999750446759553046
0.999741312715422992
0.999733855649180714
0.999729914029374611
0.999730160058849737
0.999733831957373975
0.999738852487296770
0.999742954701410724
0.999744548060515603
0.999743501110924804
0.999740782251368865
0.999737765349966723
0.999735031902395099
0.999732044360117200
0.999727558681293149
0.999720784757176184
0.999712305391594613
0.999704227767171494
0.999698979641695074
0.999697813017818682
0.999699781568335610
0.999702300157510382
0.999702902642934932
0.999700797781569284
0.999697026805141498
0.999693058721925154
0.999689268877016923
0.999684422384208404
0.999677427918123085
0.999668864885062014
0.999661326307641818
0.999657221703918908
