62831853.071795865893363953
62684755.088015750050544739
62537657.104235619306564331
62390559.120455488562583923
62243461.136675372719764709
62096363.152895241975784302
61949265.169115126132965088
61802167.185334995388984680
61655069.201554879546165466
61507971.217774748802185059
61360873.233994632959365845
61213775.250214502215385437
61066677.266434371471405029
60919579.282654255628585815
60772481.298874124884605408
60625383.315094009041786194
60478285.331313878297805786
60331187.347533762454986572
60184089.363753631711006165
60036991.379973515868186951
59889893.396193385124206543
59742795.412413254380226135
59595697.428633138537406921
59448599.444853007793426514
59301501.461072891950607300
59154403.477292761206626892
59007305.493512645363807678
58860207.509732514619827271
58713109.525952398777008057
58566011.542172268033027649
58418913.558392137289047241
58271815.574612021446228027
58124717.590831890702247620
57977619.607051774859428406
57830521.623271644115447998
57683423.639491528272628784
57536325.655711397528648376
57389227.671931281685829163
57242129.688151150941848755
57095031.704371020197868347
56947933.720590904355049133
56800835.736810773611068726
56653737.753030657768249512
56506639.769250527024269104
56359541.785470411181449890
56212443.801690280437469482
56065345.817910164594650269
55918247.834130033850669861
55771149.850349903106689453
55624051.866569787263870239
55476953.882789656519889832
55329855.899009540677070618
55182757.915229409933090210
55035659.931449294090270996
54888561.947669163346290588
54741463.963889047503471375
54594365.980108916759490967
54447267.996328786015510559
54300170.012548670172691345
54153072.028768539428710938
54005974.044988423585891724
53858876.061208292841911316
53711778.077428176999092102
53564680.093648046255111694
53417582.109867930412292480
53270484.126087799668312073
53123386.142307668924331665
52976288.158527553081512451
52829190.174747422337532043
52682092.190967306494712830
52534994.207187175750732422
52387896.223407059907913208
52240798.239626929163932800
52093700.255846805870532990
51946602.272066682577133179
51799504.288286559283733368
51652406.304506435990333557
51505308.320726312696933746
51358210.336946189403533936
51211112.353166058659553528
51064014.369385942816734314
50916916.385605812072753906
50769818.401825688779354095
50622720.418045565485954285
50475622.434265442192554474
50328524.450485318899154663
50181426.466705195605754852
50034328.482925072312355042
49887230.499144941568374634
49740132.515364825725555420
49593034.531584694981575012
49445936.547804579138755798
49298838.564024448394775391
49151740.580244325101375580
49004642.596464201807975769
48857544.612684078514575958
48710446.628903955221176147
48563348.645123824477195740
48416250.661343708634376526
48269152.677563577890396118
48122054.693783462047576904
47974956.710003331303596497
47827858.726223208010196686
47680760.742443084716796875
47533662.758662961423397064
47386564.774882838129997253
47239466.791102707386016846
47092368.807322591543197632
46945270.823542460799217224
46798172.839762344956398010
46651074.855982214212417603
46503976.872202090919017792
46356878.888421967625617981
46209780.904641844332218170
46062682.920861721038818359
45915584.937081590294837952
45768486.953301474452018738
45621388.969521343708038330
45474290.985741227865219116
45327193.001961097121238708
45180095.018180973827838898
45032997.034400850534439087
44885899.050620727241039276
44738801.066840603947639465
44591703.083060473203659058
44444605.099280357360839844
44297507.115500226616859436
44150409.131720110774040222
44003311.147939980030059814
43856213.164159856736660004
43709115.180379733443260193
43562017.196599610149860382
43414919.212819486856460571
43267821.229039356112480164
43120723.245259240269660950
42973625.261479109525680542
42826527.277698993682861328
42679429.293918862938880920
42532331.310138739645481110
42385233.326358616352081299
42238135.342578493058681488
42091037.358798369765281677
41943939.375018239021301270
41796841.391238123178482056
41649743.407457992434501648
41502645.423677876591682434
41355547.439897745847702026
41208449.456117622554302216
41061351.472337499260902405
40914253.488557375967502594
40767155.504777252674102783
40620057.520997121930122375
40472959.537217006087303162
40325861.553436875343322754
40178763.569656759500503540
40031665.585876628756523132
39884567.602096505463123322
39737469.618316382169723511
39590371.634536258876323700
39443273.650756135582923889
39296175.666976004838943481
39149077.683195888996124268
39001979.699415758252143860
38854881.715635642409324646
38707783.731855511665344238
38560685.748075388371944427
38413587.764295265078544617
38266489.780515141785144806
38119391.796735018491744995
37972293.812954887747764587
37825195.829174771904945374
37678097.845394641160964966
37530999.861614525318145752
37383901.877834394574165344
37236803.894054271280765533
37089705.910274147987365723
36942607.926494024693965912
36795509.942713901400566101
36648411.958933770656585693
36501313.975153654813766479
36354215.991373524069786072
36207118.007593408226966858
36060020.023813277482986450
35912922.040033154189586639
35765824.056253030896186829
35618726.072472907602787018
35471628.088692784309387207
35324530.104912661015987396
35177432.121132537722587585
35030334.137352406978607178
34883236.153572291135787964
34736138.169792160391807556
34589040.186012037098407745
34441942.202231913805007935
34294844.218451790511608124
34147746.234671667218208313
34000648.250891543924808502
33853550.267111420631408691
33706452.283331289887428284
33559354.299551174044609070
33412256.315771043300628662
33265158.331990920007228851
33118060.348210796713829041
32970962.364430673420429230
32823864.380650550127029419
32676766.396870426833629608
32529668.413090303540229797
32382570.429310176521539688
32235472.445530053228139877
32088374.461749926209449768
31941276.477969802916049957
31794178.494189679622650146
31647080.510409556329250336
31499982.526629433035850525
31352884.542849309742450714
31205786.559069186449050903
31058688.575289059430360794
30911590.591508936136960983
30764492.607728809118270874
30617394.623948685824871063
30470296.640168562531471252
30323198.656388439238071442
30176100.672608315944671631
30029002.688828192651271820
29881904.705048069357872009
29734806.721267942339181900
29587708.737487819045782089
29440610.753707695752382278
29293512.769927568733692169
29146414.786147445440292358
28999316.802367322146892548
28852218.818587198853492737
28705120.834807075560092926
28558022.851026952266693115
28410924.867246825248003006
28263826.883466701954603195
28116728.899686578661203384
27969630.915906451642513275
27822532.932126328349113464
27675434.948346205055713654
27528336.964566081762313843
27381238.980785958468914032
27234140.997005835175514221
27087043.013225708156824112
26939945.029445584863424301
26792847.045665461570024490
26645749.061885334551334381
26498651.078105211257934570
26351553.094325087964534760
26204455.110544964671134949
26057357.126764841377735138
25910259.142984718084335327
25763161.159204591065645218
25616063.175424467772245407
25468965.191644344478845596
25321867.207864217460155487
25174769.224084094166755676
25027671.240303970873355865
24880573.256523847579956055
24733475.272743724286556244
24586377.288963600993156433
24439279.305183473974466324
24292181.321403350681066513
24145083.337623227387666702
23997985.353843104094266891
23850887.370062977075576782
23703789.386282853782176971
23556691.402502730488777161
23409593.418722607195377350
23262495.434942483901977539
23115397.451162356883287430
22968299.467382233589887619
22821201.483602110296487808
22674103.499821987003087997
22527005.516041859984397888
22379907.532261736690998077
22232809.548481613397598267
22085711.564701490104198456
21938613.580921366810798645
21791515.597141239792108536
21644417.613361116498708725
21497319.629580993205308914
21350221.645800869911909103
21203123.662020742893218994
21056025.678240619599819183
20908927.694460496306419373
20761829.710680373013019562
20614731.726900249719619751
20467633.743120122700929642
20320535.759339999407529831
20173437.775559876114130020
20026339.791779752820730209
19879241.807999629527330399
19732143.824219502508640289
19585045.840439379215240479
19437947.856659255921840668
19290849.872879132628440857
19143751.889099005609750748
18996653.905318882316350937
18849555.921538759022951126
