0.000000065740999761
0.000000065903464649
0.000000066066680733
0.000000066230653357
0.000000066395387910
0.000000066560889835
0.000000066727164627
0.000000066894217832
0.000000067062055049
0.000000067230681930
0.000000067400104182
0.000000067570327568
0.000000067741357903
0.000000067913201061
0.000000068085862972
0.000000068259349623
0.000000068433667060
0.000000068608821387
0.000000068784818768
0.000000068961665427
0.000000069139367651
0.000000069317931785
0.000000069497364241
0.000000069677671491
0.000000069858860072
0.000000070040936587
0.000000070223907705
0.000000070407780159
0.000000070592560751
0.000000070778256353
0.000000070964873903
0.000000071152420412
0.000000071340902958
0.000000071530328695
0.000000071720704847
0.000000071912038713
0.000000072104337665
0.000000072297609152
0.000000072491860700
0.000000072687099910
0.000000072883334463
0.000000073080572120
0.000000073278820723
0.000000073478088192
0.000000073678382534
0.000000073879711838
0.000000074082084276
0.000000074285508109
0.000000074489991684
0.000000074695543435
0.000000074902171886
0.000000075109885653
0.000000075318693442
0.000000075528604052
0.000000075739626378
0.000000075951769409
0.000000076165042231
0.000000076379454029
0.000000076595014086
0.000000076811731787
0.000000077029616619
0.000000077248678171
0.000000077468926140
0.000000077690370327
0.000000077913020642
0.000000078136887103
0.000000078361979841
0.000000078588309097
0.000000078815885229
0.000000079044718707
0.000000079274820122
0.000000079506200181
0.000000079738869713
0.000000079972839668
0.000000080208121121
0.000000080444725273
0.000000080682663451
0.000000080921947113
0.000000081162587847
0.000000081404597375
0.000000081647987553
0.000000081892770374
0.000000082138957972
0.000000082386562619
0.000000082635596732
0.000000082886072871
0.000000083138003747
0.000000083391402216
0.000000083646281288
0.000000083902654126
0.000000084160534051
0.000000084419934540
0.000000084680869231
0.000000084943351926
0.000000085207396593
0.000000085473017368
0.000000085740228557
0.000000086009044640
0.000000086279480271
0.000000086551550285
0.000000086825269698
0.000000087100653708
0.000000087377717703
0.000000087656477258
0.000000087936948141
0.000000088219146319
0.000000088503087953
0.000000088788789410
0.000000089076267260
0.000000089365538280
0.000000089656619462
0.000000089949528009
0.000000090244281346
0.000000090540897118
0.000000090839393194
0.000000091139787675
0.000000091442098891
0.000000091746345412
0.000000092052546045
0.000000092360719844
0.000000092670886108
0.000000092983064391
0.000000093297274501
0.000000093613536507
0.000000093931870745
0.000000094252297816
0.000000094574838598
0.000000094899514245
0.000000095226346196
0.000000095555356176
0.000000095886566202
0.000000096219998589
0.000000096555675955
0.000000096893621224
0.000000097233857634
0.000000097576408741
0.000000097921298423
0.000000098268550890
0.000000098618190684
0.000000098970242689
0.000000099324732135
0.000000099681684606
0.000000100041126043
0.000000100403082753
0.000000100767581414
0.000000101134649084
0.000000101504313203
0.000000101876601605
0.000000102251542521
0.000000102629164591
0.000000103009496864
0.000000103392568812
0.000000103778410337
0.000000104167051774
0.000000104558523904
0.000000104952857960
0.000000105350085636
0.000000105750239095
0.000000106153350977
0.000000106559454411
0.000000106968583019
0.000000107380770930
0.000000107796052789
0.000000108214463764
0.000000108636039557
0.000000109060816415
0.000000109488831142
0.000000109920121105
0.000000110354724250
0.000000110792679110
0.000000111234024817
0.000000111678801114
0.000000112127048368
0.000000112578807580
0.000000113034120399
0.000000113493029137
0.000000113955576776
0.000000114421806987
0.000000114891764143
0.000000115365493332
0.000000115843040369
0.000000116324451818
0.000000116809774998
0.000000117299058006
0.000000117792349730
0.000000118289699865
0.000000118791158930
0.000000119296778286
0.000000119806610152
0.000000120320707626
0.000000120839124699
0.000000121361916279
0.000000121889138205
0.000000122420847273
0.000000122957101252
0.000000123497958906
0.000000124043480015
0.000000124593725400
0.000000125148756943
0.000000125708637610
0.000000126273431476
0.000000126843203750
0.000000127418020799
0.000000127997950174
0.000000128583060638
0.000000129173422191
0.000000129769106098
0.000000130370184921
0.000000130976732546
0.000000131588824213
0.000000132206536548
0.000000132829947594
0.000000133459136848
0.000000134094185289
0.000000134735175416
0.000000135382191285
0.000000136035318542
0.000000136694644466
0.000000137360258002
0.000000138032249808
0.000000138710712288
0.000000139395739643
0.000000140087427908
0.000000140785875002
0.000000141491180769
0.000000142203447032
0.000000142922777636
0.000000143649278503
0.000000144383057682
0.000000145124225402
0.000000145872894131
0.000000146629178628
0.000000147393196006
0.000000148165065789
0.000000148944909979
0.000000149732853114
0.000000150529022342
0.000000151333547483
0.000000152146561103
0.000000152968198588
0.000000153798598214
0.000000154637901232
0.000000155486251943
0.000000156343797783
0.000000157210689407
0.000000158087080778
0.000000158973129262
0.000000159868995716
0.000000160774844589
0.000000161690844024
0.000000162617165959
0.000000163553986237
0.000000164501484718
0.000000165459845391
0.000000166429256497
0.000000167409910652
0.000000168402004970
0.000000169405741204
0.000000170421325875
0.000000171448970416
0.000000172488891323
0.000000173541310301
0.000000174606454428
0.000000175684556313
0.000000176775854269
0.000000177880592489
0.000000178999021226
0.000000180131396984
0.000000181277982715
0.000000182439048020
0.000000183614869364
0.000000184805730295
0.000000186011921669
0.000000187233741891
0.000000188471497162
0.000000189725501729
0.000000190996078159
0.000000192283557611
0.000000193588280126
0.000000194910594926
0.000000196250860727
0.000000197609446062
0.000000198986729622
0.000000200383100604
0.000000201798959084
0.000000203234716394
0.000000204690795524
0.000000206167631536
0.000000207665672000
0.000000209185377444
0.000000210727221831
0.000000212291693047
0.000000213879293417
0.000000215490540249
0.000000217125966388
0.000000218786120812
0.000000220471569240
0.000000222182894780
0.000000223920698602
0.000000225685600640
