0.999824461462089364
0.999405515204583317
0.998775603406338197
0.997805333222773427
0.996555309346741747
0.995112835598448653
0.993358349558876474
0.991294298939383811
0.989040305414000120
0.986511378308909781
0.983655730349254909
0.980600814784315267
0.977309823341527717
0.973688690766063347
0.969850637756763390
0.965813887746687305
0.961458146294677407
0.956861558587481120
0.952097476712401192
0.947042337040879811
0.941720930546498414
0.936250008894709662
0.930531330303007054
0.924528753422193983
0.918377314811623546
0.912028513578073796
0.905395018423475362
0.898599169085106286
0.891652600633325632
0.884439894463433740
0.877045830504682433
0.869536626100040233
0.861795454875824762
0.853856546213974776
0.845825020859168331
0.837605863988739041
0.829180055713293229
0.820671577221740334
0.812025116891648024
0.803174420359210162
0.794239292255464080
0.785215639841591262
0.776004861613107222
0.766699477790749317
0.757347992831678196
0.747842000792399375
0.738229438889636547
0.728600490950188640
0.718861545432213367
0.709009730153164486
