0.000000082993864369
0.000000083246422630
0.000000083500454041
0.000000083755971678
0.000000084012988771
0.000000084271518706
0.000000084531575030
0.000000084793171452
0.000000085056321844
0.000000085321040245
0.000000085587340865
0.000000085855238082
0.000000086124746452
0.000000086395880706
0.000000086668655756
0.000000086943086696
0.000000087219188804
0.000000087496977549
0.000000087776468588
0.000000088057677774
0.000000088340621157
0.000000088625314985
0.000000088911775712
0.000000089200019996
0.000000089490064707
0.000000089781926926
0.000000090075623952
0.000000090371173301
0.000000090668592716
0.000000090967900164
0.000000091269113845
0.000000091572252190
0.000000091877333870
0.000000092184377798
0.000000092493403133
0.000000092804429282
0.000000093117475907
0.000000093432562928
0.000000093749710528
0.000000094068939156
0.000000094390269531
0.000000094713722648
0.000000095039319784
0.000000095367082499
0.000000095697032642
0.000000096029192359
0.000000096363584092
0.000000096700230591
0.000000097039154914
0.000000097380380434
0.000000097723930844
0.000000098069830165
0.000000098418102747
0.000000098768773279
0.000000099121866792
0.000000099477408666
0.000000099835424639
0.000000100195940808
0.000000100558983637
0.000000100924579966
0.000000101292757017
0.000000101663542398
0.000000102036964111
0.000000102413050562
0.000000102791830566
0.000000103173333352
0.000000103557588575
0.000000103944626322
0.000000104334477118
0.000000104727171937
0.000000105122742208
0.000000105521219824
0.000000105922637154
0.000000106327027044
0.000000106734422835
0.000000107144858364
0.000000107558367981
0.000000107974986552
0.000000108394749474
0.000000108817692681
0.000000109243852659
0.000000109673266449
0.000000110105971667
0.000000110542006508
0.000000110981409761
0.000000111424220818
0.000000111870479689
0.000000112320227009
0.000000112773504058
0.000000113230352765
0.000000113690815729
0.000000114154936225
0.000000114622758224
0.000000115094326402
0.000000115569686158
0.000000116048883627
0.000000116531965692
0.000000117018980006
0.000000117509975003
0.000000118004999913
0.000000118504104783
0.000000119007340491
0.000000119514758764
0.000000120026412194
0.000000120542354261
0.000000121062639345
0.000000121587322752
0.000000122116460728
0.000000122650110484
0.000000123188330212
0.000000123731179109
0.000000124278717399
0.000000124831006355
0.000000125388108319
0.000000125950086731
0.000000126517006149
0.000000127088932275
0.000000127665931979
0.000000128248073330
0.000000128835425616
0.000000129428059376
0.000000130026046429
0.000000130629459899
0.000000131238374248
0.000000131852865308
0.000000132473010308
0.000000133098887909
0.000000133730578239
0.000000134368162925
0.000000135011725128
0.000000135661349582
0.000000136317122627
0.000000136979132252
0.000000137647468130
0.000000138322221663
0.000000139003486021
0.000000139691356183
0.000000140385928988
0.000000141087303173
0.000000141795579425
0.000000142510860427
0.000000143233250908
0.000000143962857695
0.000000144699789765
0.000000145444158300
0.000000146196076741
0.000000146955660850
0.000000147723028766
0.000000148498301067
0.000000149281600833
0.000000150073053713
0.000000150872787992
0.000000151680934657
0.000000152497627475
0.000000153323003059
0.000000154157200953
0.000000155000363704
0.000000155852636945
0.000000156714169482
0.000000157585113377
0.000000158465624041
0.000000159355860322
0.000000160255984606
0.000000161166162912
0.000000162086564997
0.000000163017364458
0.000000163958738847
0.000000164910869779
0.000000165873943050
0.000000166848148760
0.000000167833681438
0.000000168830740170
0.000000169839528734
0.000000170860255739
0.000000171893134770
0.000000172938384536
0.000000173996229025
0.000000175066897666
0.000000176150625490
0.000000177247653309
0.000000178358227890
0.000000179482602142
0.000000180621035307
0.000000181773793161
0.000000182941148223
0.000000184123379963
0.000000185320775034
0.000000186533627498
0.000000187762239069
0.000000189006919366
0.000000190267986167
0.000000191545765688
0.000000192840592858
0.000000194152811616
0.000000195482775213
0.000000196830846532
0.000000198197398417
0.000000199582814018
0.000000200987487149
0.000000202411822662
0.000000203856236834
0.000000205321157778
0.000000206807025863
0.000000208314294155
0.000000209843428882
0.000000211394909910
0.000000212969231250
0.000000214566901581
0.000000216188444800
0.000000217834400592
0.000000219505325033
0.000000221201791213
0.000000222924389898
0.000000224673730211
0.000000226450440352
0.000000228255168351
0.000000230088582860
0.000000231951373973
0.000000233844254098
0.000000235767958866
0.000000237723248081
0.000000239710906726
0.000000241731746011
0.000000243786604480
0.000000245876349170
0.000000248001876834
0.000000250164115222
0.000000252364024437
0.000000254602598350
0.000000256880866107
0.000000259199893699
0.000000261560785633
0.000000263964686683
0.000000266412783743
0.000000268906307784
0.000000271446535916
0.000000274034793573
0.000000276672456820
0.000000279360954791
0.000000282101772277
0.000000284896452459
0.000000287746599805
0.000000290653883149
0.000000293620038946
0.000000296646874734
0.000000299736272807
0.000000302890194125
0.000000306110682461
0.000000309399868825
0.000000312759976163
0.000000316193324372
0.000000319702335645
0.000000323289540169
0.000000326957582216
0.000000330709226641
0.000000334547365838
0.000000338475027181
0.000000342495380986
0.000000346611749054
0.000000350827613824
0.000000355146628206
0.000000359572626137
0.000000364109633938
0.000000368761882535
0.000000373533820623
0.000000378430128855
0.000000383455735168
0.000000388615831325
0.000000393915890811
0.000000399361688210
0.000000404959320191
0.000000410715228286
0.000000416636223624
0.000000422729513821
0.000000429002732262
0.000000435463970006
0.000000442121810612
0.000000448985368191
0.000000456064329038
0.000000463368997254
0.000000470910344797
0.000000478700066485
0.000000486750640519
0.000000495075395196
0.000000503688582559
0.000000512605459830
0.000000521842379622
0.000000531416890039
0.000000541347845957
0.000000551655532978
0.000000562361805752
0.000000573490242678
0.000000585066319265
0.000000597117602856
0.000000609673971826
0.000000622767862943
0.000000636434551192
0.000000650712467149
0.000000665643557910
0.000000681273698730
