0.999951704770161487
0.999817425504215485
0.999603673759933864
0.999298898714658823
0.998902495784945055
0.998425591368878762
0.997866149236776190
0.997217343423595359
0.996483185320653941
0.995668312820279344
0.994771309427958883
0.993789908848304981
0.992724234614848156
0.991578974213736530
0.990356427768654513
0.989050173513886244
0.987660346762064156
0.986197206345855726
0.984658306049453591
0.983034074912423894
0.981332730057637437
0.979562890945084419
0.977714220575345849
0.975783875017005475
0.973784308447265712
0.971715014160192903
0.969566976374652278
0.967345147301389763
0.965056410406151088
0.962696800754498372
0.960264098764883056
0.957761858933312338
0.955192705383078877
0.952556923568397607
0.949852209210794274
0.947078621850620972
0.944242635504901284
0.941344500013573393
0.938377241869956302
0.935345354018627950
0.932257528207021680
0.929107089672561837
0.925889420470312974
0.922615322224393464
0.919286919727985152
0.915895131632579851
0.912443471446462873
0.908940321858046296
0.905381648036424624
0.901764275303821528
0.898093719121692668
0.894372090073523585
0.890597793905627877
0.886771169598345677
0.882893279348429427
0.878966932189444883
0.874993906748153916
0.870970794005959892
0.866898752651243387
0.862784930131289207
0.858627106900966663
0.854420169020608244
0.850171400754653916
0.845885417561609843
0.841555171769046595
0.837181470809448158
0.832772852445189948
0.828327278005178358
0.823840677179488501
0.819318431625772448
0.814763516854510095
0.810173409363204589
0.805549293666004917
0.800893484004155498
0.796206689962028591
0.791490812987344805
0.786745605877422594
0.781970535848284576
0.777170319446993885
0.772346357032456021
0.767494515767360719
0.762618152218891732
0.757723315340684045
0.752806169699062555
0.747864980496902088
0.742907089533824339
0.737933395305941930
0.732939534078536958
0.727929236791086898
0.722906862821659724
0.717870166700730117
0.712819662578690671
0.707758710531827262
0.702687602369429620
0.697607395808213293
0.692519807487526506
0.687424302231705919
0.682323230822682758
0.677219820762925084
0.672111857785914979
0.666999841199274801
0.661889572003437454
0.656780463363705880
0.651669510697252541
0.646561831797140552
0.641460820181780966
0.636362825235547547
0.631269342145300172
0.626185516549766286
0.621110371554895124
0.616043129507264031
0.610987448628752872
0.605944330497024564
0.600913702837410524
0.595897878633999012
0.590897348326293037
0.585912712652427392
0.580947174574327985
0.576000720362374263
0.571072376795985104
0.566166301136102224
0.561284385871832381
0.556423731259852450
0.551586955081636687
0.546778466826290055
0.541996195252774315
0.537239713643637651
0.532513772031221633
0.527818868941490882
0.523153359390001182
0.518520205094766484
0.513921340207937560
0.509355924789203662
0.504825755722073444
0.500332442962205359
0.495875604605661380
0.491457292449055172
0.487079141158023365
0.482739925170327489
0.478441543876354680
0.474186945916149405
0.469974566781610703
0.465804557178389866
0.461680943407114130
0.457603485855274827
0.453570618218011978
0.449585533610549815
0.445649923920260482
0.441762028462944156
0.437923430176980155
0.434136440245573962
0.430400116581043324
0.426715268830591354
0.423083921035251331
0.419505424479584388
0.415980409846959609
0.412511157979102594
0.409096859951220637
0.405737376320151721
0.402435540749814025
0.399191275440605620
0.396003086644703184
0.392873485818868717
0.389803869835051775
0.386792324961098111
0.383839941172441579
0.380948915328482851
0.378118173222174669
0.375347647145065633
0.372639254483551008
0.369992610794660115
0.367407541051754549
0.364885604793941332
0.362426373622702469
0.360029440541636325
0.357696762834564141
0.355428064988238313
0.353221919101781523
0.351080327624192612
0.349004276136453240
0.346991528649908731
0.345042799582680304
0.343160345928087251
0.341342653450020905
0.339588731582967762
0.337900629868085223
0.336278303767458597
0.334720364416386029
0.333227636903566105
0.331800559147499230
0.330438396586934358
0.329141538357284991
0.327909826443048447
0.326742569166527330
0.325640688706256842
0.324604120053048728
0.323631099309767190
0.322722452822897521
0.321879411331957188
0.321099777635773298
