0.979865825136402857
0.979989007762254172
0.980109917470953884
0.980228520764434452
0.980344809449844035
0.980458821776808653
0.980570498027889759
0.980679934799578601
0.980787069708693227
0.980891943391857923
0.980994540836575890
0.981094924382818201
0.981193108591618346
0.981289055686316081
0.981382842651688292
0.981474496421449905
0.981564033383838797
0.981651476355980712
0.981736865233011180
0.981820229415272583
0.981901594034901404
0.981981027710929988
0.982058540408911496
0.982134150384392890
0.982207933576753511
0.982279924651239256
0.982350184938469817
0.982418695648445750
0.982485560090226140
0.982550785893480438
0.982614442351788520
0.982676567099291520
0.982737185193534923
0.982796359414845666
0.982854148394124993
0.982910543602779074
0.982965640489401493
0.983019475442744706
0.983072077519190901
0.983123478995408306
0.983173752126067280
0.983222900838657154
0.983270986072925068
0.983318033473787656
0.983364080938747942
0.983409193294304873
0.983453352742437503
0.983496593973120836
0.983538994333082561
0.983580545899129355
0.983621277042132203
0.983661205315830900
0.983700372239663889
0.983738766359789185
0.983776469084024607
0.983813393622331778
0.983849647610945399
0.983885183202204971
0.983920015368416223
0.983954172340978150
0.983987643261426626
0.984020436098947293
0.984052538323347492
0.984083931777378740
0.984114650682817227
0.984144642590098484
0.984173932991230460
0.984202484943692002
0.984230297297536083
0.984257348646582209
0.984283615688162583
0.984309073029789428
0.984333694652979152
0.984357488372937350
0.984380394345804266
0.984402391214412087
0.984423446736851226
0.984443553487789447
0.984462661424836183
0.984480733229663119
0.984497755949836018
0.984513679613306714
0.984528486809768233
0.984542133712857814
0.984554593713309001
0.984565799209222381
0.984575772489547196
0.984584465823367672
0.984591799491380093
0.984597800899921438
0.984602413132559473
0.984605610789493491
0.984607368751223788
0.984607678217434223
0.984606469696688191
0.984603770724975402
0.984599552215824070
0.984593758335040148
0.984586440739926183
0.984577516980265743
0.984567033637350875
0.984554984172392622
0.984541314131253897
0.984526087625015145
0.984509256542415834
0.984490865557135497
0.984470927940719331
0.984449427812097988
0.984426423387662397
0.984401935100528203
0.984375950391897847
0.984348535626575316
0.984319713456107692
0.984289543334795458
0.984258070375844452
0.984225317797006838
0.984191374610120739
0.984156268535864909
0.984120070082230347
0.984082859669062615
0.984044707219435710
0.984005653447893591
0.983965823534370676
0.983925263307236064
0.983884069401231298
0.983842345837469878
0.983800151884148044
0.983757628387946892
0.983714818895274234
0.983671871742467174
0.983628874138026132
0.983585923144489449
0.983543111699443751
0.983500598374721480
0.983458423886084732
0.983416745543728266
0.983375680661697227
0.983335304236894192
0.983295754793548138
0.983257136942824794
0.983219560861458453
0.983183140676143430
0.983147963417102977
0.983114162500601463
0.983081805657645802
0.983051052854432061
0.983021940972036878
0.982994594557800028
0.982969114723628690
0.982945557880283372
0.982924053494694472
0.982904629699119958
0.982887396518602241
0.982872416081179923
0.982859714216941738
0.982849411465690936
0.982841533962178993
0.982836115141701439
0.982833200789162587
0.982832809097328397
0.982834994334758183
0.982839761640941556
0.982847134204104744
0.982857095020057692
0.982869640194668381
0.982884764562171220
0.982902448428045084
0.982922713386590319
0.982945451748239774
0.982970655705596275
0.982998287833115381
0.983028295627025872
0.983060585694851441
0.983095135576888102
0.983131831849510585
0.983170605568915223
0.983211374107502922
0.983254054723127990
0.983298536262413814
0.983344724184494257
0.983392500159423588
0.983441761772410272
0.983492406155642929
0.983544305180470091
0.983597311425380871
0.983651360900079985
0.983706291429379265
0.983761939559829601
0.983818246576415478
0.983875082222952280
0.983932281614362636
0.983989744158105806
0.984047329191586995
0.984104921176532588
0.984162443335202641
0.984219710836395700
0.984276644202783824
0.984333165771952512
0.984389103826115996
0.984444423943377389
0.984499014827599273
0.984552797948611391
0.984605648975607872
0.984657541850275098
0.984708398908253346
0.984758147045071142
0.984806732227672899
0.984854129344352236
0.984900286650662649
0.984945165483665508
0.984988757108090307
0.985031036290521911
0.985072005413944574
0.985111642086760386
0.985149961774164251
0.985186984926980203
0.985222709206587610
0.985257172284379479
0.985290399067241029
0.985322422746672033
0.985353258211678074
0.985382979047757512
0.985411629171186632
0.985439203923185958
0.985465825142377128
0.985491510718395025
0.985516296565444372
0.985540242981139514
0.985563422173629244
0.985585833754643037
0.985607583134507581
0.985628677901951744
0.985649178043547680
0.985669098965214929
0.985688498237507260
0.985707389105393017
0.985725833117930383
0.985743796831148988
0.985761325929581433
0.985778412340245103
0.985795069745153074
0.985811282778047415
0.985827057870495738
0.985842379287157455
0.985857210887311486
0.985871523117176296
0.985885280463257629
0.985898464495345128
0.985911015507039079
0.985922928279829525
0.985934079904189131
0.985944467433617744
0.985954008339618548
0.985962653573434822
0.985970358717146556
0.985977064727039609
0.985982691065799277
0.985987192978146743
0.985990529494212953
0.985992628022432926
0.985993477956596753
0.985992987536625565
0.985991181493615199
0.985987973608653423
0.985983400348735994
0.985977389029533025
0.985969990625794712
0.985961179240452568
0.985951006844659084
0.985939448130438767
0.985926594361442810
0.985912451348011198
0.985897069488906097
0.985880569367483917
0.985863002333692839
0.985844469275909518
0.985825075957920349
0.985804878279281871
0.985784087156554301
0.985762766912247401
0.985741075211318041
0.985719166049598416
0.985697151120582093
0.985675240630828120
0.985653550790644095
0.985632250171722513
0.985611505525506582
0.985591470275838932
0.985572310370738558
0.985554173167528913
0.985537187411224758
0.985521501591881788
0.985507305711558868
0.985494638817649427
0.985483694577034663
0.985474522401061703
0.985467222976784796
0.985461871934518951
0.985458534694291677
0.985457286143742839
0.985458083697069553
0.985461004952523090
0.985465998563937018
0.985473077138801057
0.985482176919159181
0.985493249596078424
0.985506231630072449
0.985521044009378344
0.985537542576222059
0.985555639337889144
0.985575207775782003
0.985596122246613748
0.985618213044665903
0.985641320966565648
0.985665317625822324
0.985690029018744918
0.985715263920252549
0.985740902353538617
0.985766758181691238
0.985792695243515871
0.985818544663508933
0.985844150329490021
0.985869438268396459
0.985894234386945123
0.985918464713933407
0.985942038159603573
0.985964879899107194
0.985986883982808870
0.986008085958796965
0.986028385879090585
0.986047757264652214
0.986066275823912042
0.986083891600948892
0.986100654077909144
0.986116593250903728
0.986131740450688077
0.986146127542359197
0.986159867632220299
0.986172952037415729
0.986185496483270252
0.986197499794441601
0.986209044159425674
0.986220172328798661
0.986230886841778398
0.986241250653880352
0.986251247227089012
0.986260916291579859
0.986270220474866455
0.986279131471745840
0.986287633925033269
0.986295666049820996
0.986303183529919747
0.986310096207755227
0.986316367340976385
0.986321859980780036
0.986326529185926226
0.986330275386788524
0.986333004765656218
0.986334645848333857
0.986335128612370826
0.986334358173892700
0.986332325469313154
0.986328962935376752
0.986324261180753226
0.986318229527763157
0.986310917489798267
0.986302278924209963
0.986292482790374958
0.986281554289420992
0.986269656826047503
0.986256883842976273
0.986243392718348044
0.986229396876590614
0.986215055018293874
0.986200563300941635
0.986186157916477013
0.986172037155692682
0.986158447352552758
0.986145560889290396
0.986133618917405030
0.986122799456912724
0.986113302279807868
0.986105236749863723
0.986098785312326864
0.986094034691163412
0.986091030021860826
0.986089835333258891
0.986090471849732753
0.986092918580653177
0.986097091031501005
0.986102912765053463
0.986110250189719650
0.986118966355220006
0.986128910399904246
0.986139861632337911
0.986151660400683028
0.986164076048565486
0.986176886041890022
0.986189953361266691
0.986203025727577121
0.986215973572062365
0.986228637527823304
0.986240869580037982
0.986252608635363792
0.986263738809709301
0.986274251737552676
0.986284113282639319
0.986293333488319268
0.986301952074588484
0.986309993604947643
0.986317487149610650
0.986324544479496468
0.986331189534462416
0.986337479088647995
0.986343467433184462
0.986349145719532694
0.986354490406826989
0.986359538212178255
0.986364163346902467
0.986368356586015960
0.986371971148982563
0.986374942342388650
0.986377096752377502
0.986378362170498901
0.986378608990178485
0.986377673183825854
0.986375541429627467
0.986372098134449593
0.986367286018519862
0.986361177178673776
0.986353794257583738
0.986345194948260118
0.986335569423191783
0.986325044623096892
0.986313865636573306
0.986302281148491278
0.986290512603142933
0.986278922204677944
0.986267736291971953
0.986257283721296285
0.986247796235467100
0.986239501056128787
0.986232640739374222
0.986227279924780986
0.986223565754272835
0.986221497891235699
0.986221062474286869
0.986222157775560548
0.986224634619470186
0.986228332988556944
0.986232985665062234
0.986238360803261993
0.986244244064536035
0.986250332317949563
0.986256451428020653
0.986262407270616648
0.986268011948044254
0.986273216893823523
0.986277950855810270
0.986282222678654064
0.986286000973290333
0.986289369696047413
0.986292400288120596
0.986295154635715821
0.986297629909905105
0.986299849771249515
0.986301771430044383
0.986303345362800066
0.986304405449513366
0.986304832185566194
0.986304454038040124
0.986303084524480678
0.986300532888120141
0.986296695468667495
0.986291487619075813
0.986284902463807511
0.986276985935125583
0.986267869052399604
0.986257753088376710
0.986246950982462844
0.986235788647617850
0.986224656180859194
0.986213928474047430
0.986203931613902074
0.986195024083142413
0.986187472943729548
0.986181385078832462
0.986176892930485161
0.986173922523151059
0.986172325459743981
0.986171934295473118
0.986172424368218503
0.986173515467120954
0.986174923606532028
0.986176351565412723
0.986177581122872460
0.986178483642413450
0.986179048244514855
0.986179205776087975
0.986179079403337933
0.986178705247207410
0.986178122921029576
0.986177352966068343
0.986176311655670990
0.986174866178545995
0.986172793321039021
0.986169808395788383
0.986165691578043235
0.986160250293450891
0.986153268376836478
0.986144805832709692
0.986134985800540709
0.986124034250645654
0.986112377129884643
0.986100490266765384
0.986088867509664624
0.986078006930573236
0.986068297017063333
0.986060042310072382
0.986053316146695558
0.986048085097950056
0.986044120008117031
0.986041074779550497
0.986038592653561086
0.986036292601881081
0.986033887934167574
0.986031183826561630
0.986028147614152917
0.986024823564966679
0.986021329903874255
0.986017701795536716
0.986013944057044900
0.986009853113167023
0.986005159299111589
0.985999483419869427
0.985992453997284080
0.985983799675884121
0.985973429062041884
0.985961576728647482
0.985948638583385217
0.985935244464678173
0.985922042550073208
0.985909726570849854
0.985898787909497254
0.985889467258950880
0.985881645003464757
0.985875075273478729
0.985869208518954210
0.985863591522512350
0.985857784549163174
0.985851680751322901
0.985845222527035214
0.985838563220180597
0.985831868395795397
0.985825065283185475
0.985817906034461289
0.985809824187704353
0.985800274477845795
0.985788895917180219
0.985775607366330964
0.985760803048306156
0.985745268867303626
0.985729931838749462
0.985715759554232185
0.985703194520354153
0.985692341116686244
0.985682838929131000
0.985673960587819864
0.985665108851972338
0.985655808132060551
0.985646100385889401
0.985636180424093067
0.985626275486200965
0.985616229898675034
0.985605485398367120
0.985593210239410822
0.985578830586086641
0.985562288484965854
0.985544307282353760
0.985526186433591800
0.985509120606061884
0.985493986185203341
0.985480712370756184
0.985468515829662106
0.985456467742074071
0.985443862295653283
0.985430688213425943
0.985417329158038147
0.985404014707468967
0.985390259007628222
0.985375013088150009
0.985357338808460104
0.985337222594771633
0.985315876532323776
0.985295168190872928
0.985276474434917726
0.985259927550637626
0.985244506025719113
0.985228860818613272
0.985212362613277493
