81681408.993334621191024780
81573367.576533377170562744
81465326.159732118248939514
81357284.742930874228477478
81249243.326129615306854248
81141201.909328371286392212
81033160.492527112364768982
80925119.075725868344306946
80817077.658924609422683716
80709036.242123365402221680
80600994.825322106480598450
80492953.408520862460136414
80384911.991719603538513184
80276870.574918359518051147
80168829.158117100596427917
80060787.741315856575965881
79952746.324514597654342651
79844704.907713353633880615
79736663.490912094712257385
79628622.074110850691795349
79520580.657309591770172119
79412539.240508347749710083
79304497.823707088828086853
79196456.406905844807624817
79088414.990104585886001587
78980373.573303341865539551
78872332.156502082943916321
78764290.739700838923454285
78656249.322899580001831055
78548207.906098321080207825
78440166.489297077059745789
78332125.072495818138122559
78224083.655694574117660522
78116042.238893315196037292
78008000.822092071175575256
77899959.405290812253952026
77791917.988489568233489990
77683876.571688309311866760
77575835.154887065291404724
77467793.738085806369781494
77359752.321284562349319458
77251710.904483303427696228
77143669.487682059407234192
77035628.070880800485610962
76927586.654079556465148926
76819545.237278297543525696
76711503.820477053523063660
76603462.403675794601440430
76495420.986874550580978394
76387379.570073291659355164
76279338.153272047638893127
76171296.736470788717269897
76063255.319669544696807861
75955213.902868285775184631
75847172.486067041754722595
75739131.069265782833099365
75631089.652464538812637329
75523048.235663279891014099
75415006.818862035870552063
75306965.402060776948928833
75198923.985259532928466797
75090882.568458274006843567
74982841.151657029986381531
74874799.734855771064758301
74766758.318054527044296265
74658716.901253268122673035
74550675.484452024102210999
74442634.067650765180587769
74334592.650849506258964539
74226551.234048262238502502
74118509.817247003316879272
74010468.400445759296417236
73902426.983644500374794006
73794385.566843256354331970
73686344.150041997432708740
73578302.733240753412246704
73470261.316439494490623474
73362219.899638250470161438
73254178.482836991548538208
73146137.066035747528076172
73038095.649234488606452942
72930054.232433244585990906
72822012.815631985664367676
72713971.398830741643905640
72605929.982029482722282410
72497888.565228238701820374
72389847.148426979780197144
72281805.731625735759735107
72173764.314824476838111877
72065722.898023232817649841
71957681.481221973896026611
71849640.064420729875564575
71741598.647619470953941345
71633557.230818226933479309
71525515.814016968011856079
71417474.397215723991394043
71309432.980414465069770813
71201391.563613221049308777
71093350.146811962127685547
70985308.730010718107223511
70877267.313209459185600281
70769225.896408215165138245
70661184.479606956243515015
70553143.062805712223052979
70445101.646004453301429749
70337060.229203209280967712
70229018.812401950359344482
70120977.395600691437721252
70012935.978799447417259216
69904894.561998188495635986
69796853.145196944475173950
69688811.728395685553550720
69580770.311594441533088684
69472728.894793182611465454
69364687.477991938591003418
69256646.061190679669380188
69148604.644389435648918152
69040563.227588176727294922
68932521.810786932706832886
68824480.393985673785209656
68716438.977184429764747620
68608397.560383170843124390
68500356.143581926822662354
68392314.726780667901039124
68284273.309979423880577087
68176231.893178164958953857
68068190.476376920938491821
67960149.059575662016868591
67852107.642774417996406555
67744066.225973159074783325
67636024.809171915054321289
67527983.392370656132698059
67419941.975569412112236023
67311900.558768153190612793
67203859.141966909170150757
67095817.725165650248527527
66987776.308364406228065491
66879734.891563147306442261
66771693.474761903285980225
66663652.057960644364356995
66555610.641159400343894958
66447569.224358141422271729
66339527.807556897401809692
66231486.390755638480186462
66123444.973954394459724426
66015403.557153135538101196
65907362.140351891517639160
65799320.723550632596015930
65691279.306749373674392700
65583237.889948129653930664
65475196.473146870732307434
65367155.056345626711845398
65259113.639544367790222168
65151072.222743123769760132
65043030.805941864848136902
64934989.389140620827674866
64826947.972339361906051636
64718906.555538117885589600
64610865.138736858963966370
64502823.721935614943504333
64394782.305134356021881104
64286740.888333112001419067
64178699.471531853079795837
64070658.054730609059333801
63962616.637929350137710571
63854575.221128106117248535
63746533.804326847195625305
63638492.387525603175163269
63530450.970724344253540039
63422409.553923100233078003
63314368.137121841311454773
63206326.720320597290992737
63098285.303519338369369507
62990243.886718094348907471
62882202.469916835427284241
62774161.053115591406822205
62666119.636314332485198975
62558078.219513088464736938
62450036.802711829543113708
62341995.385910585522651672
62233953.969109326601028442
62125912.552308082580566406
62017871.135506823658943176
61909829.718705579638481140
61801788.301904320716857910
61693746.885103076696395874
61585705.468301817774772644
61477664.051500558853149414
61369622.634699314832687378
61261581.217898055911064148
61153539.801096811890602112
61045498.384295552968978882
60937456.967494308948516846
60829415.550693050026893616
60721374.133891806006431580
60613332.717090547084808350
60505291.300289303064346313
60397249.883488044142723083
60289208.466686800122261047
60181167.049885541200637817
60073125.633084297180175781
59965084.216283038258552551
59857042.799481794238090515
59749001.382680535316467285
59640959.965879291296005249
59532918.549078032374382019
59424877.132276788353919983
59316835.715475529432296753
59208794.298674285411834717
59100752.881873026490211487
58992711.465071782469749451
58884670.048270523548126221
58776628.631469279527664185
58668587.214668020606040955
58560545.797866776585578918
58452504.381065517663955688
58344462.964264273643493652
58236421.547463014721870422
58128380.130661770701408386
58020338.713860511779785156
57912297.297059267759323120
57804255.880258008837699890
57696214.463456764817237854
57588173.046655505895614624
57480131.629854261875152588
57372090.213053002953529358
57264048.796251744031906128
57156007.379450500011444092
57047965.962649241089820862
56939924.545847997069358826
56831883.129046738147735596
56723841.712245494127273560
56615800.295444235205650330
56507758.878642991185188293
56399717.461841732263565063
56291676.045040488243103027
56183634.628239229321479797
56075593.211437985301017761
55967551.794636726379394531
55859510.377835482358932495
55751468.961034223437309265
55643427.544232979416847229
55535386.127431720495223999
55427344.710630476474761963
55319303.293829217553138733
55211261.877027973532676697
55103220.460226714611053467
54995179.043425470590591431
54887137.626624211668968201
54779096.209822967648506165
54671054.793021708726882935
54563013.376220464706420898
54454971.959419205784797668
54346930.542617961764335632
54238889.125816702842712402
54130847.709015458822250366
54022806.292214199900627136
53914764.875412955880165100
53806723.458611696958541870
53698682.041810452938079834
53590640.625009194016456604
53482599.208207949995994568
53374557.791406691074371338
53266516.374605447053909302
53158474.957804188132286072
53050433.541002929210662842
52942392.124201685190200806
52834350.707400426268577576
52726309.290599182248115540
52618267.873797923326492310
52510226.456996679306030273
52402185.040195420384407043
52294143.623394176363945007
52186102.206592917442321777
52078060.789791673421859741
51970019.372990414500236511
51861977.956189170479774475
51753936.539387911558151245
51645895.122586667537689209
51537853.705785408616065979
51429812.288984164595603943
51321770.872182905673980713
51213729.455381661653518677
51105688.038580402731895447
50997646.621779158711433411
50889605.204977899789810181
50781563.788176655769348145
50673522.371375396847724915
50565480.954574152827262878
50457439.537772893905639648
50349398.120971649885177612
50241356.704170390963554382
50133315.287369146943092346
50025273.870567888021469116
49917232.453766636550426483
49809191.036965385079383850
49701149.620164133608341217
49593108.203362882137298584
49485066.786561630666255951
49377025.369760379195213318
49268983.952959127724170685
49160942.536157876253128052
49052901.119356624782085419
48944859.702555373311042786
48836818.285754121840000153
48728776.868952870368957520
48620735.452151618897914886
48512694.035350367426872253
48404652.618549115955829620
48296611.201747864484786987
48188569.784946613013744354
48080528.368145361542701721
47972486.951344110071659088
47864445.534542858600616455
47756404.117741599678993225
47648362.700940355658531189
47540321.284139096736907959
47432279.867337852716445923
47324238.450536593794822693
47216197.033735349774360657
47108155.616934090852737427
47000114.200132846832275391
46892072.783331587910652161
46784031.366530343890190125
46675989.949729084968566895
46567948.532927840948104858
46459907.116126582026481628
46351865.699325338006019592
46243824.282524079084396362
46135782.865722835063934326
46027741.448921576142311096
45919700.032120332121849060
45811658.615319073200225830
45703617.198517829179763794
45595575.781716570258140564
45487534.364915318787097931
45379492.948114067316055298
45271451.531312815845012665
45163410.114511564373970032
45055368.697710312902927399
44947327.280909061431884766
44839285.864107809960842133
44731244.447306558489799500
44623203.030505307018756866
44515161.613704055547714233
44407120.196902804076671600
44299078.780101552605628967
44191037.363300301134586334
44082995.946499049663543701
43974954.529697798192501068
43866913.112896546721458435
43758871.696095295250415802
43650830.279294043779373169
43542788.862492784857749939
43434747.445691540837287903
43326706.028890281915664673
43218664.612089037895202637
43110623.195287778973579407
43002581.778486534953117371
42894540.361685276031494141
42786498.944884032011032104
42678457.528082773089408875
42570416.111281529068946838
42462374.694480270147323608
42354333.277679026126861572
42246291.860877767205238342
42138250.444076523184776306
42030209.027275264263153076
41922167.610474020242691040
41814126.193672761321067810
41706084.776871517300605774
41598043.360070258378982544
41490001.943269014358520508
41381960.526467755436897278
41273919.109666503965854645
41165877.692865252494812012
41057836.276064001023769379
40949794.859262749552726746
40841753.442461498081684113
40733712.025660246610641479
40625670.608858995139598846
40517629.192057743668556213
40409587.775256492197513580
40301546.358455240726470947
40193504.941653989255428314
40085463.524852737784385681
39977422.108051486313343048
39869380.691250234842300415
39761339.274448983371257782
39653297.857647731900215149
39545256.440846480429172516
39437215.024045228958129883
39329173.607243977487087250
39221132.190442726016044617
39113090.773641467094421387
39005049.356840223073959351
38897007.940038964152336121
38788966.523237720131874084
38680925.106436461210250854
38572883.689635217189788818
38464842.272833958268165588
38356800.856032714247703552
38248759.439231455326080322
38140718.022430211305618286
38032676.605628952383995056
37924635.188827708363533020
37816593.772026449441909790
37708552.355225205421447754
37600510.938423946499824524
37492469.521622702479362488
37384428.104821443557739258
37276386.688020199537277222
37168345.271218940615653992
37060303.854417689144611359
36952262.437616437673568726
36844221.020815186202526093
36736179.604013934731483459
36628138.187212683260440826
36520096.770411431789398193
36412055.353610180318355560
36304013.936808928847312927
36195972.520007677376270294
36087931.103206425905227661
35979889.686405174434185028
35871848.269603922963142395
35763806.852802671492099762
35655765.436001420021057129
35547724.019200168550014496
35439682.602398917078971863
35331641.185597665607929230
35223599.768796414136886597
35115558.351995162665843964
35007516.935193911194801331
34899475.518392652273178101
34791434.101591408252716064
34683392.684790149331092834
34575351.267988905310630798
34467309.851187646389007568
34359268.434386402368545532
34251227.017585143446922302
34143185.600783899426460266
34035144.183982640504837036
33927102.767181396484375000
33819061.350380137562751770
33711019.933578893542289734
33602978.516777634620666504
33494937.099976386874914169
33386895.683175131678581238
33278854.266373880207538605
33170812.849572628736495972
33062771.432771377265453339
32954730.015970125794410706
32846688.599168874323368073
32738647.182367622852325439
32630605.765566371381282806
32522564.348765119910240173
32414522.931963868439197540
32306481.515162616968154907
32198440.098361365497112274
32090398.681560114026069641
31982357.264758862555027008
31874315.847957611083984375
31766274.431156359612941742
31658233.014355108141899109
31550191.597553856670856476
31442150.180752605199813843
31334108.763951353728771210
31226067.347150102257728577
31118025.930348850786685944
31009984.513547599315643311
30901943.096746347844600677
30793901.679945096373558044
30685860.263143844902515411
30577818.846342593431472778
30469777.429541341960430145
30361736.012740090489387512
30253694.595938835293054581
30145653.179137583822011948
30037611.762336332350969315
29929570.345535080879926682
29821528.928733829408884048
29713487.511932577937841415
29605446.095131326466798782
29497404.678330074995756149
29389363.261528823524713516
29281321.844727572053670883
29173280.427926316857337952
29065239.011125065386295319
28957197.594323813915252686
28849156.177522562444210052
28741114.760721310973167419
28633073.343920059502124786
28525031.927118808031082153
28416990.510317556560039520
28308949.093516305088996887
28200907.676715053617954254
28092866.259913802146911621
27984824.843112550675868988
27876783.426311299204826355
27768742.009510047733783722
27660700.592708796262741089
27552659.175907544791698456
27444617.759106293320655823
27336576.342305041849613190
27228534.925503790378570557
27120493.508702538907527924
27012452.091901287436485291
26904410.675100035965442657
26796369.258298784494400024
26688327.841497533023357391
26580286.424696281552314758
26472245.007895030081272125
26364203.591093778610229492
26256162.174292527139186859
26148120.757491275668144226
26040079.340690024197101593
25932037.923888769000768661
25823996.507087517529726028
25715955.090286266058683395
25607913.673485014587640762
25499872.256683763116598129
25391830.839882511645555496
25283789.423081260174512863
25175748.006280008703470230
25067706.589478757232427597
24959665.172677505761384964
24851623.755876254290342331
24743582.339075002819299698
24635540.922273747622966766
24527499.505472496151924133
24419458.088671244680881500
24311416.671869993209838867
24203375.255068741738796234
24095333.838267490267753601
23987292.421466238796710968
23879251.004664987325668335
23771209.587863735854625702
23663168.171062484383583069
23555126.754261232912540436
23447085.337459981441497803
23339043.920658729970455170
23231002.503857478499412537
23122961.087056227028369904
23014919.670254975557327271
22906878.253453724086284637
22798836.836652472615242004
22690795.419851221144199371
22582754.003049969673156738
22474712.586248718202114105
22366671.169447466731071472
22258629.752646215260028839
22150588.335844963788986206
22042546.919043712317943573
21934505.502242457121610641
21826464.085441205650568008
21718422.668639954179525375
21610381.251838702708482742
21502339.835037451237440109
21394298.418236199766397476
21286257.001434948295354843
21178215.584633696824312210
21070174.167832445353269577
20962132.751031193882226944
20854091.334229942411184311
20746049.917428690940141678
20638008.500627439469099045
20529967.083826187998056412
20421925.667024936527013779
20313884.250223685055971146
20205842.833422429859638214
20097801.416621178388595581
19989759.999819926917552948
19881718.583018675446510315
19773677.166217423975467682
19665635.749416172504425049
19557594.332614921033382416
19449552.915813669562339783
19341511.499012418091297150
19233470.082211166620254517
19125428.665409915149211884
19017387.248608663678169250
18909345.831807412207126617
18801304.415006160736083984
18693262.998204909265041351
18585221.581403657793998718
18477180.164602406322956085
18369138.747801154851913452
18261097.330999903380870819
18153055.914198651909828186
18045014.497397400438785553
17936973.080596145242452621
17828931.663794893771409988
17720890.246993642300367355
17612848.830192390829324722
17504807.413391139358282089
17396765.996589887887239456
17288724.579788636416196823
17180683.162987384945154190
17072641.746186133474111557
16964600.329384882003068924
