0.000001000755592285
0.000001002995309851
0.000001006637823490
0.000001011745250341
0.000001017897421231
0.000001025050594134
0.000001033495861112
0.000001042832875513
0.000001052348628718
0.000001063039532020
0.000001073578087057
0.000001085271481516
0.000001097393985037
0.000001109031325168
0.000001121831502063
0.000001134937385697
0.000001148321067091
0.000001160978848232
0.000001174840540884
0.000001188930419404
0.000001203237413020
0.000001217752446748
0.000001231396764817
0.000001246299346447
0.000001261394484387
0.000001276677488370
0.000001292145666805
0.000001307797983202
0.000001323631995652
0.000001338503191025
0.000001354691435514
0.000001371059452390
0.000001387605353522
0.000001404328851424
0.000001421231133096
0.000001438311768030
0.000001455570020142
0.000001473006840936
0.000001490622967764
0.000001508418222849
0.000001526393074337
0.000001544548268555
0.000001562884238599
0.000001581401782576
0.000001600101442837
0.000001618983347459
0.000001639261857956
0.000001658516354692
0.000001677955256592
0.000001697579056611
0.000001717389724111
0.000001737387603595
0.000001757572165927
0.000001779171581381
0.000001799739755035
0.000001820497342349
0.000001841444806396
0.000001862583961234
0.000001885150311746
0.000001906679759129
0.000001928402603852
0.000001950319559792
0.000001973672159996
0.000001995985707124
0.000002018495314468
0.000002042444100930
0.000002065354502086
0.000002088463419599
0.000002113016847640
0.000002136529935811
0.000002160243841621
0.000002185410064064
0.000002209532155565
0.000002233856282722
0.000002259642258595
0.000002284379641767
0.000002310578448440
0.000002335731737514
0.000002362348868160
0.000002387919911740
0.000002414957075618
0.000002440948813161
0.000002468410115594
0.000002494824680079
0.000002522712220047
0.000002549551434279
0.000002577869340914
0.000002605136033132
0.000002633885194455
0.000002662849674705
0.000002690766504059
0.000002720167476019
0.000002748514943920
0.000002778355592766
0.000002808415212445
0.000002837420132946
0.000002867921391756
0.000002898644738456
0.000002928312236123
0.000002959480956638
0.000002990872905124
0.000003022489716376
0.000003053049167251
0.000003085115921228
0.000003117408970142
0.000003149929258879
0.000003182675952953
0.000003214362760596
0.000003247566478139
0.000003280999634138
0.000003314661947437
0.000003348553930349
0.000003382677076671
0.000003417032645784
0.000003451620277382
0.000003486439854744
0.000003520195021683
0.000003555484085748
0.000003591008444939
0.000003626769136830
0.000003662766705086
0.000003699017801706
0.000003735507824215
0.000003773556269367
0.000003810619430113
0.000003846551320570
0.000003885359694817
0.000003923550198810
0.000003960400000356
0.000004006410627687
0.000004064820586123
0.000004104712184382
0.000004146719898533
0.000004188425034904
0.000004224933722629
0.000004262580971123
0.000004299379942518
0.000004334879064263
0.000004373020941697
0.000004411354151719
0.000004449880873267
0.000004488597202970
0.000004527500913492
0.000004566595298017
0.000004605879582281
0.000004645349517439
0.000004685005853501
0.000004724850229569
0.000004764880199152
0.000004805094370050
0.000004845493431579
0.000004886076960018
0.000004926844857007
0.000004967796913663
0.000005008931821846
0.000005050251054985
0.000005091756853192
0.000005133447124847
0.000005175321609066
0.000005217385325248
0.000005259639265971
0.000005302080783490
0.000005344713563216
0.000005387542921883
0.000005430567742037
0.000005473788010309
0.000005517209269801
0.000005560834383926
0.000005604662425361
0.000005648695367726
0.000005692937011589
0.000005737388516324
0.000005782049613224
0.000005826920974258
0.000005872004035432
0.000005917299372445
0.000005962805196790
0.000006008519495366
0.000006054442796257
0.000006100574441127
0.000006146909546426
0.000006193444870019
0.000006240181010381
0.000006287114780335
0.000006334239142851
0.000006381551909384
0.000006429053235952
0.000006476737374931
0.000006524597871861
0.000006572634279329
0.000006620845345609
0.000006669224820642
0.000006717768676154
0.000006766476933263
0.000006815347504832
0.000006864375998812
0.000006913559987473
0.000006962898957228
0.000007012392006915
0.000007062036682518
0.000007111830054002
0.000007161772068551
0.000007211864162793
0.000007262103414514
0.000007312485899016
0.000007363014118523
0.000007413690213654
0.000007464508703477
0.000007515467042450
0.000007566570486911
0.000007617818792222
0.000007669205475780
0.000007720731724467
0.000007772402733516
0.000007824215797642
0.000007876167142798
0.000007928260324370
0.000007980498807585
0.000008032881145312
0.000008085406686601
0.000008138078690411
0.000008190901591723
0.000008243877011987
0.000008297004235548
0.000008350287301818
0.000008403734423852
0.000008457346943484
0.000008511122855416
0.000008565070425759
0.000008619199054527
0.000008673505702528
0.000008727990131718
0.000008782664452402
0.000008837532897010
0.000008892588969074
0.000008947836802869
0.000009003285999713
0.000009058933237432
0.000009114773313025
0.000009170810990756
0.000009227048216067
0.000009283479179511
0.000009340100077976
0.000009396910184253
0.000009453907794691
0.000009511088123293
0.000009568443150914
0.000009625969185681
0.000009683666786100
0.000009741527535204
