2.439745396438042668
2.440403096530140203
2.441498287395961864
2.443030939708184412
2.445003296058180453
2.447414597300090033
2.450262016462535275
2.453547984021846151
2.457275015449628341
2.461439259828338777
2.466039760590044150
2.471081110529939284
2.476562396555264556
2.482479683607570209
2.488835552338467760
2.495632483118242817
2.502867469505006603
2.510539863269548810
2.518652063403164387
2.527203727417361101
2.536193939411539588
2.545623026808788048
2.555490770436637415
2.565798079051627045
2.576545511179791692
2.587730765487988194
2.599354359913016221
2.611419561946438872
2.623924122761372768
2.636865222904841932
2.650246963225345809
2.664070653710217229
2.678331471836003175
2.693030379215379799
2.708171713891988741
2.723752818180713131
2.739771126932964318
2.756229998603263898
2.773130145947746872
2.790469040951652602
2.808247298780897516
2.826465987011674397
2.845124644836579897
2.864223700892253976
2.883762470715373283
2.903740251085436874
2.924159472711779006
2.945019943540761798
2.966318271901349224
2.988056688588925258
3.010238418993159470
3.032859370048208714
3.055918038656066926
3.079419605285675043
3.103363344151667036
3.127744649383966458
3.152566336376890099
3.177831392602976646
3.203536298761836765
3.229680257747905792
3.256266241194777589
3.283293698540940664
3.310761337170986529
3.338669925918264170
3.367019302758172739
3.395809940016714545
3.425042660951357121
3.454715391752903653
3.484828225120305767
3.515384528135598874
3.546382414273856920
3.577818682351624258
3.609697332666716107
3.642020158591889434
3.674782084488285250
3.707983717698229320
3.741629916324976435
3.775718029320190627
3.810244899662827311
3.845214267483337167
3.880627213101724760
3.916480517359989033
3.952774823152472639
3.989511905076724041
4.026690783333734203
4.064311413627684111
4.102373921158612546
4.140877569946796122
4.179823917860642446
4.219213268078026324
4.259042778722019307
4.299313825391912758
4.340029521251848266
4.381186583236881482
4.422783106955078480
4.464823717538838110
4.507308269429150194
4.550232204494978561
4.593597802630279503
4.637408301122676768
4.681660272640461251
4.726352545540390082
4.771488380350054292
4.817067226284672543
4.863087180917754715
4.909549483941141546
4.956454372502498984
5.003801250424916525
5.051590992050584816
5.099822730709351326
5.148495692109502642
5.197612197895659314
5.247171776481344807
5.297171534946540028
5.347613725303037135
5.398500558884723688
5.449828377427519577
5.501596643811661913
5.553809335264947578
5.606465072732038202
5.659560793275424828
5.713099141067360165
5.767081463796374763
5.821505011808901564
5.876370089014896436
5.931678413026151730
5.987428834966259217
6.043621163826049525
6.100256206306149842
6.157332932523871705
6.214851771581425766
6.272813989679859148
6.331217703860545498
6.390062497316136181
6.449351111321085739
6.509082436481048006
6.569253927660021475
6.629868131403062748
6.690926413341315993
6.752425585454485457
6.814365898095353202
6.876750126941451491
6.939576767357162446
7.002844308691996034
7.066554645383906319
7.130707898812992163
7.195302844003542475
7.260340272063013245
7.325820208604281625
7.391741983427642992
7.458106775379133246
7.524914360781559175
7.592163169738115336
7.659854801856548434
7.727990402768087463
7.796567456319660749
7.865586107007354499
7.935049144051279590
8.004955184413246272
8.075302242855650903
8.146092652342566964
8.217327292356463531
8.289003955387217459
8.361123025423186306
8.433686080974755583
8.506692364816029084
8.580141511956364653
8.654034133348211810
8.728369978243915028
8.803149498596610556
8.878373190817868021
8.954039809793879812
9.030149728744801152
9.106704901509878880
9.183704050161713539
9.261145658812287351
9.339032209349383606
9.417364537510314548
9.496139951302280835
9.575358990662028447
9.655024281217182036
9.735134613254389890
9.815688415486427232
9.896687437774527751
9.978132590744825947
10.060022695574211582
10.142357623004649270
10.225138129341965865
10.308364650905915028
10.392037241540412751
10.476155144373969108
10.560718462907514592
10.645728916812357667
10.731186141704622372
10.817088208453698783
10.903436615316262959
10.990233409812768528
11.077476404507201835
11.165164446305704260
11.253300474314425372
11.341884860529624746
11.430914886174630141
11.520391269624221664
11.610316390972222678
11.700689189241929355
11.791508141285424571
11.882774454473876702
11.974489239514763739
12.066651740452414288
12.159261076261312695
12.252317710664568651
12.345822863659725144
12.439776205135707698
12.534176067886567907
12.629023131130113100
12.724319387913316959
12.820063418263254462
12.916253219443619926
13.012890918239820692
13.109977879689473923
13.207511276218559360
13.305490437052050368
13.403918113449270422
13.502793859174158086
13.602115023684678619
13.701882407894849791
13.802097721607086811
13.902759612227740149
14.003866601044203222
14.105419449503605378
14.207418862834980899
14.309863938452432208
14.412753392778686390
14.516087357709233530
14.619866857706764307
14.724090992958734248
14.828757706852643494
14.933867690624351710
15.039422330486059920
15.145419421541179261
15.251857080665960353
15.358737241071551693
15.466060103528425529
15.573822511561751014
15.682024151341803275
15.790666851056743170
15.899749050604640388
16.009268403241502909
16.119225578640200780
16.229620891135475347
