4.756002243128994778
4.757169827100933723
4.759114467582303831
4.761835428222123134
4.765336738514410087
4.769617529644195386
4.774672419416917002
4.780505456082729587
4.787121417696016401
4.794513375096963514
4.802679428388390903
4.811627871442186510
4.821356927332967501
4.831859493087078405
4.843140431764696885
4.855203911336749556
4.868044230312431608
4.881660688006379090
4.896057606663707595
4.911233687809835047
4.927187500565842093
4.943920163702272497
4.961430704877253461
4.979720380808156932
4.998790804856866998
5.018637824070002473
5.039261744771735607
5.060668593369661572
5.082854649636026956
5.105814536660514769
5.129555430789236148
5.154079795248228457
5.179378946021727437
5.205454591711971446
5.232314395138122798
5.259953350983169962
5.288367064811891893
5.317561710746046444
5.347538029965029693
5.378291381201337096
5.409823445738946468
5.442135878809913230
5.475227167712105825
5.509098493032491106
5.543749048417405234
5.579176871160608897
5.615386017819685271
5.652376763882824839
5.690142982662850457
5.728688015171387704
5.768017707751341483
5.808125117353137412
5.849007326923723049
5.890673211270777365
5.933121505912306581
5.976344202270741590
6.020346251111297953
6.065132557075838982
6.110696737445930005
6.157037801663364007
6.204160945890454748
6.252064462564864478
6.300746179741596897
6.350208127070482433
6.400449480533441537
6.451470302820496272
6.503272703687012601
6.555853452967809858
6.609211709654930544
6.663353097266266012
6.718275194852260768
6.773972227425488768
6.830450242498112168
6.887712585600069382
6.945751001228464006
7.004566093080524247
7.064165716676120255
7.124545505104428855
7.185700333722001787
7.247636357964911014
7.310354861475675925
7.373850409694781227
7.438124671518203002
7.503180284076025330
7.569014688907568456
7.635628321395570239
7.703022106636243649
7.771193750191153882
7.840145208920919373
7.909878159758229721
7.980387933345314266
8.051675399273811706
8.123745933316081747
8.196595186043506231
8.270219297662182001
8.344624950881202707
8.419812573066135286
8.495775143295043463
8.572515644274673718
8.650038917102243374
