0.999891952957738583
0.999595263967959835
0.999125254702487586
0.998452499225980894
0.997579540963637545
0.996533552079556073
0.995305179910945137
0.993882148416354472
0.992278443700838508
0.990499499923721327
0.988542011347818050
0.986408604672337042
0.984096844528571824
0.981613119807325463
0.978970038753447902
0.976155200311707438
0.973163001058214849
0.970020280392091983
0.966726977858424097
0.963257828559765383
0.959631424682611089
0.955872119088905792
0.951956173069966938
0.947876964494108076
0.943665370101261947
0.939320040655466593
0.934821924007132932
0.930185771871065992
0.925425003590745088
0.920530824246597490
0.915504582711244574
0.910353638664480602
0.905079491078969456
0.899689280627578580
0.894182311095944482
0.888552688464812057
0.882816143120458863
0.876981428294121290
0.871030958235309294
0.864971216287873657
0.858827276347265967
0.852587503521123891
0.846238885173169253
0.839806509289699687
0.833298415857892660
0.826695541605943940
0.820006478491420610
0.813249762125135556
0.806417531918791175
0.799507058151023964
