0.999951704770161487
0.999817425504215485
0.999603673759933864
0.999298898714658823
0.998902495784945055
0.998425591368878762
0.997866149236776190
0.997217343423595359
0.996483185320653941
0.995668312820279344
0.994771309427958883
0.993789908848304981
0.992724234614848156
0.991578974213736530
0.990356427768654513
0.989050173513886244
0.987660346762064156
0.986197206345855726
0.984658306049453591
0.983034074912423894
0.981332730057637437
0.979562890945084419
0.977714220575345849
0.975783875017005475
0.973784308447265712
0.971715014160192903
0.969566976374652278
0.967345147301389763
0.965056410406151088
0.962696800754498372
0.960264098764883056
0.957761858933312338
0.955192705383078877
0.952556923568397607
0.949852209210794274
0.947078621850620972
0.944242635504901284
0.941344500013573393
0.938377241869956302
0.935345354018627950
0.932257528207021680
0.929107089672561837
0.925889420470312974
0.922615322224393464
0.919286919727985152
0.915895131632579851
0.912443471446462873
0.908940321858046296
0.905381648036424624
0.901764275303821528
