0.999832051086636864
0.999372580616142092
0.998645892167698834
0.997604812902943894
0.996255274624889164
0.994640816280000117
0.992745186798717594
0.990551102600505162
0.988083073740998241
0.985347731831320406
0.982340588086344724
0.979069747822790659
0.975531001840831191
0.971733152610468998
0.967699680388055761
0.963413234115335859
0.958863507363810985
0.954094333375327563
0.949108772979371129
0.943867735983974554
0.938400700750377181
0.932747825117481222
0.926873851604433030
0.920769907915627628
0.914485198238717656
0.908018393234648613
0.901342664776305202
0.894483094677233193
0.887460055407658710
0.880261271500603515
0.872893120784449028
0.865367632846404722
0.857686154895863195
0.849862997183215452
0.841900704262178778
0.833789601280291004
0.825553948996253228
0.817211085561110551
0.808736635799180426
0.800139706409450979
0.791459386426329181
0.782681759161134027
0.773789205657323564
0.764818717358277111
0.755783636151589389
0.746659257478618055
0.737459955658762434
0.728212234763622068
0.718906258569715018
0.709541829628251630
