0.952888806249193143
0.953043057788020787
0.953196057554207332
0.953347786833272037
0.953498154071849569
0.953647182774024382
0.953794740446803790
0.953940862094481257
0.954085447001207343
0.954228477671047459
0.954369948136198687
0.954509787777755858
0.954647988199454622
0.954784487259648262
0.954919314336196701
0.955052352974698260
0.955183696601483168
0.955313217834796058
0.955440940529522775
0.955566853252076798
0.955690960865915873
0.955813218546703647
0.955933619231582488
0.956052164442285801
0.956168836787968379
0.956283672646612293
0.956396603377571264
0.956507675647358502
0.956616891932158153
0.956724223208047730
0.956829723102871843
0.956933371474020467
0.957035179152678550
0.957135156018998345
0.957233314643818112
0.957329691641865987
0.957424281951102851
0.957517112730257081
0.957608213961625765
0.957697573199937868
0.957785261747414185
0.957871230978900146
0.957955559119359590
0.958038285810686618
0.958119384294377485
0.958198923009856429
0.958276908446261788
0.958353398713901683
0.958428397935351506
0.958501927633776951
0.958574010899730600
0.958644740768365367
0.958714074983837206
0.958782069038862539
0.958848752961003248
0.958914157455411309
0.958978325163842737
0.959041265600287351
0.959103012683745315
0.959163593630705580
0.959223047249780691
0.959281381586314486
0.959338634709342553
0.959394817155568513
0.959449989188041474
0.959504132833533530
0.959557284681941680
0.959609456322436660
0.959660689511217746
0.959710989556790683
0.959760344761038886
0.959808808104934630
0.959856397219390312
0.959903068630865608
0.959948872469212122
0.959993805866205308
0.960037885572004090
0.960081107669011113
0.960123463808296052
0.960164964333588222
0.960205603880515013
0.960245389656523951
0.960284305829997464
0.960322325164671864
0.960359477597260591
0.960395725659936250
0.960431055448343285
0.960465491056413101
0.960498972501286130
0.960531472208200010
0.960563001887434598
0.960593543063287925
0.960623043706683499
0.960651539212448613
0.960678925457318589
0.960705229746682265
0.960730416652371355
0.960754449794606558
0.960777294078898225
0.960798941209291546
0.960819368139572250
0.960838507339289327
0.960856355550237851
0.960872872548216295
0.960888042292745936
0.960901837688819871
0.960914224036313991
0.960925176696690087
0.960934637058681762
0.960942630113833629
0.960949105139618953
0.960954029444217261
0.960957396669363306
0.960959212971729371
0.960959393886803515
0.960957988200944024
0.960954947854072206
0.960950291892551434
0.960943999194381782
0.960936043310854138
0.960926461858896186
0.960915231084474630
0.960902354305307127
0.960887876834926269
0.960871750285677173
0.960854055825488884
0.960834781975856589
0.960813952515487846
0.960791614160760310
0.960767786728366824
0.960742528522964157
0.960715855289447251
0.960687821214502469
0.960658488211553641
0.960627904926920739
0.960596155666044282
0.960563289681231502
0.960529364011293962
0.960494458838281773
0.960458669134095944
0.960422062814571431
0.960384745894381164
0.960346788509489402
0.960308335563795135
0.960269396287104615
0.960230167246695188
0.960190711445683465
0.960151124509254994
0.960111547073370430
0.960072074390364461
0.960032846584684241
0.959993962638494902
0.959955564902090774
0.959917752935785740
0.959880668488212518
0.959844441081054378
0.959809147650084182
0.959774969693255042
0.959742008744548958
0.959710385522426157
0.959680237127178870
0.959651640893983915
0.959624758083202023
0.959599684955197207
0.959576528389661676
0.959555395315698334
0.959536408591043499
0.959519642890669822
0.959505222464024476
0.959493199391070251
0.959483652021431044
0.959476687951274720
0.959472393266599943
0.959470777153345611
0.959471920332679584
0.959475886086089025
0.959482689081206930
0.959492377639063032
0.959504972562580716
0.959520478552216116
0.959538924630287116
0.959560283600761177
0.959584553364735915
0.959611709970082383
0.959641736905591514
0.959674597649220362
0.959710204591081140
0.959748554419207367
0.959789550778734624
0.959833134223239570
0.959879206959445064
0.959927695237178913
0.959978505826091677
0.960031534023160438
0.960086624673298528
0.960143705647111045
0.960202645302723479
0.960263339791791348
0.960325594392431481
0.960389304536130584
0.960454358113920437
0.960520564426809331
0.960587782304566207
0.960655867131782304
0.960724707539562850
0.960794099366053866
0.960863913865540265
0.960934017277475627
0.961004238555798973
0.961074465389697097
0.961144524879306128
0.961214291769439955
0.961283651806544515
0.961352458605703730
0.961420579802116815
0.961487945421697021
0.961554396393713873
0.961619859165095181
0.961684252411033835
0.961747479873151123
0.961809448464582495
0.961870111593156718
0.961929422276679436
0.961987312305635278
0.962043746953655021
0.962098722521639416
0.962152141893423796
0.962204100411782282
0.962254493415665380
0.962303385816594692
0.962350801807645206
0.962396712735551718
0.962441168709277428
0.962484221858953215
0.962525912089068125
0.962566244601011034
0.962605314007457968
0.962643162683958220
0.962679830208518550
0.962715405234662258
0.962749936557999120
0.962783477501951701
0.962816103762086484
0.962847890721431732
0.962878866026302571
0.962909109807778774
0.962938655102926644
0.962967569308820770
0.962995890415570210
0.963023639119072405
0.963050844507616577
0.963077561568365215
0.963103776054888727
0.963129524304059514
0.963154742472002057
0.963179475857499745
0.963203689325951018
0.963227332611910736
0.963250404729185661
0.963272836360978157
0.963294577245209283
0.963315550195233072
0.963335680381153026
0.963354904997490213
0.963373143041993729
0.963390302875343885
0.963406284153621950
0.963420961852663793
0.963434289319211490
0.963446134835558521
0.963456405890400158
0.963465019459687322
0.963471860175980299
0.963476871068068341
0.963479956066158438
0.963481038577117865
0.963480073484552446
0.963476976112136785
0.963471768036044063
0.963464394454503714
0.963454853381250365
0.963443147734864280
0.963429324795730402
0.963413429024442380
0.963395502316867436
0.963375677494166083
0.963354026435292887
0.963330693056245080
0.963305789656633937
0.963279542482977758
0.963252075214011461
0.963223617522663611
0.963194396327327507
0.963164649209682922
0.963134568306612593
0.963104468005117842
0.963074594007744755
0.963045203001567263
0.963016626730626824
0.962989053771778902
0.962962828774512447
0.962938187539216894
0.962915424025235889
0.962894740917928371
0.962876409990896742
0.962860657567466083
0.962847675167309403
0.962837657878160114
0.962830707969488997
0.962827020744000284
0.962826677179454471
0.962829733130808552
0.962836241089554457
0.962846204097224545
0.962859575795002365
0.962876341982768058
0.962896390332230512
0.962919587877288374
0.962945815484271828
0.962974856600651186
0.963006524646523143
0.963040604792461008
0.963076841435368869
0.963114959534672077
0.963154671277488328
0.963195741805907613
0.963237816679273995
0.963280633273918996
0.963323906087452886
0.963367340540374206
0.963410652455595984
0.963453602469870662
0.963495953854998421
0.963537475522344811
0.963577986641302120
0.963617298709112391
0.963655309153545914
0.963691882147777679
0.963726912392552149
0.963760421312708226
0.963792371080299248
0.963822722130651233
0.963851557305979378
0.963878945464836212
0.963904978302306592
0.963929701988915921
0.963953278366147859
0.963975839230721054
0.963997502462967115
0.964018388953209127
0.964038635351552098
0.964058368088364759
0.964077674166439080
0.964096647386683214
0.964115345019738945
0.964133812505156063
0.964152064004374476
0.964170045716172819
0.964187736212694824
0.964205029280128523
0.964221827695286637
0.964237985766672079
0.964253303945539431
0.964267597252048581
0.964280674195139742
0.964292305467122635
0.964302276581600948
0.964310304467794865
0.964316216197322329
0.964319790142830535
0.964320867731369491
0.964319273780394393
0.964314953427627741
0.964307778144748995
0.964297802782062563
0.964285041298240220
0.964269610589547743
0.964251683533582260
0.964231501043639749
0.964209359600692650
0.964185600251821651
0.964160634337318467
0.964134903660216591
0.964108898523099889
0.964083120755474088
0.964058125190406123
0.964034405456817622
0.964012536917074891
0.963992951187077840
0.963976109783758695
0.963962485250076218
0.963952368079298627
0.963946046909471610
0.963943667912194102
0.963945454610849350
0.963951298349591590
0.963961204161109309
0.963974964742505991
0.963992385935276808
0.964013069721338711
0.964036679523120332
0.964062718628752924
0.964090741178498689
0.964120217294708537
0.964150639503174034
0.964181473566489533
0.964212248905967018
0.964242515021825009
0.964271902873844566
0.964300054060701739
0.964326744767828981
0.964351793314605188
0.964375142219725867
0.964396745387043342
0.964416727527035778
0.964435154736856370
0.964452262151783923
0.964468258661722588
0.964483376648257229
0.964497885683581524
0.964511982352922126
0.964525861878584134
0.964539653747920056
0.964553425264365050
0.964567202513720301
0.964580813798909142
0.964594142669058519
0.964606909458171624
0.964618788575190123
0.964629340319033135
0.964638202435160630
0.964644917156749049
0.964649076790398796
0.964650277329889505
0.964648236067804143
0.964642740718770209
0.964633723967613599
0.964621242349312014
0.964605495649011435
0.964586885821379414
0.964565919202511002
0.964543251906187615
0.964519668268797759
0.964496029293218315
0.964473246054785127
0.964452226482275021
0.964433769233207894
0.964418722595483335
0.964407661767412105
0.964401085059683805
0.964399276385613513
0.964402298489470899
0.964409949829369451
0.964421950474054879
0.964437719231242885
0.964456583299682757
0.964477756196633895
0.964500379113358064
0.964523591114489265
0.964546685236846613
0.964568912957993185
0.964589744880262834
0.964608862441478920
0.964626054813414124
0.964641354089996184
0.964654914608566227
0.964667040115135821
0.964678111520796300
0.964688539413186663
0.964698700744004212
0.964708881940951279
0.964719226020042120
0.964729716881934873
0.964740125474717103
0.964750039235763412
0.964758878105869688
0.964765967483049769
0.964770570800424165
0.964771997476332688
0.964769634453893077
0.964763157641996050
0.964752406339928648
0.964737640307988809
0.964719403523142005
0.964698588890494091
0.964676337396744632
0.964654041633274617
0.964633069874998084
0.964614864831580654
0.964600643077280662
0.964591328037303297
0.964587404890416167
0.964589060017249200
0.964595936686875599
0.964607303945378303
0.964622108317323645
0.964639080611366051
0.964656969718127755
0.964674544767598507
0.964690847488500758
0.964705278102407804
0.964717545830111045
0.964727756710803241
0.964736350564514789
0.964743871418170862
0.964750968398580433
0.964758160067897386
0.964765683744687630
0.964773422938305258
0.964780898531229059
0.964787266087212658
0.964791430200521716
0.964792277863125936
0.964788796438521001
0.964780459166865834
0.964767185538340399
0.964749601902174181
0.964728961123874185
0.964707074715766111
0.964686006970751797
0.964667902194727533
0.964654495558658787
0.964647017828405340
0.964645884821196287
0.964650659906284069
0.964660174629669576
0.964672726809348791
0.964686427274084823
0.964699555906733286
0.964710904505592493
0.964719841390058730
0.964726524925626716
0.964731615264096232
0.964736035286713034
0.964740547735676635
0.964745574364477831
0.964750748124434288
0.964755101717956864
0.964757113890391427
0.964755082546587595
0.964747770474884248
0.964734722701749536
0.964716647799907290
0.964695373937986433
0.964673654809793280
0.964654529393483839
0.964640661290822266
0.964633616393462234
0.964633604999070804
0.964639401003762442
0.964648655432589486
0.964658783012087739
0.964667580176365447
0.964673826063981332
0.964677560251556376
0.964679732423724290
0.964681616669522568
0.964684040649004482
0.964686778161530700
0.964688417812443522
0.964686695607052003
0.964679489637387588
0.964665787594347401
0.964646431603161880
0.964624190267832193
0.964603126067633321
0.964587166976895949
0.964578788858773684
0.964578084258640334
0.964582951965932467
0.964589906315120205
0.964595733103758790
0.964598731192708669
0.964599150696799579
0.964598549960097307
0.964598404511942009
0.964598700491905769
0.964597520078433579
0.964591717668295212
0.964578970715369910
0.964559399647016646
0.964536344500837473
0.964515174245776929
0.964500797631031359
0.964495232608819419
0.964496615624094389
0.964500586766919521
0.964502996442626825
0.964502134597782668
0.964499234156241170
0.964496503034517394
0.964494312408455290
0.964490124097115098
0.964479924222277907
0.964461648197157406
0.964437865605260347
0.964415123144898523
0.964399941208470057
0.964394318291103780
0.964394696585089695
