0.974715958394651527
0.974854881790064742
0.974991937489697924
0.975127135346787188
0.975260409818669904
0.975391782824282627
0.975521214431562700
0.975648660167540149
0.975774146413015298
0.975897650773591585
0.976019175044444354
0.976138677400022581
0.976256168469068153
0.976371688536348148
0.976485175466523248
0.976596647063469048
0.976706139168182497
0.976813626750281272
0.976919128351571686
0.977022656327779737
0.977124218742666861
0.977223840095122087
0.977321512848675633
0.977417289492952701
0.977511150265048423
0.977603152590408420
0.977693298088550655
0.977781627009191578
0.977868144241088477
0.977952880747301245
0.978035891156344372
0.978117164819241935
0.978196777838424070
0.978274709569534107
0.978351030318762915
0.978425760377883869
0.978498941285527057
0.978570574672946614
0.978640739603053755
0.978709429782827489
0.978776701718080067
0.978842610887504683
0.978907152413898030
0.978970361458510685
0.979032307922124923
0.979092982727443495
0.979152431850857652
0.979210739286613840
0.979267851216318208
0.979323849783225064
0.979378771671939985
0.979432613635739857
0.979485424035699603
0.979537245198710549
0.979588035798063195
0.979637905245997809
0.979686826950803669
0.979734844999405996
0.979781960846877742
0.979828200746674316
0.979873553504540307
0.979918098215922129
0.979961777346337271
0.980004658943667950
0.980046711492021494
0.980087987759492352
0.980128443841847274
0.980168112410924497
0.980206995741021436
0.980245057781942597
0.980282363075571594
0.980318847291435702
0.980354535962296381
0.980389400273696809
0.980423443536509676
0.980456652725542388
0.980489022276366251
0.980520532956973057
0.980551159326533917
0.980580897152543596
0.980609702332206346
0.980637590213576771
0.980664504048166630
0.980690473385088857
0.980715420169139152
0.980739298933501313
0.980762143631263128
0.980783929807742871
0.980804580680195937
0.980824101178007557
0.980842465834607435
0.980859616952590274
0.980875539225643411
0.980890233048659077
0.980903623995850293
0.980915720782968070
0.980926489345454011
0.980935894606744796
0.980943898017793581
0.980950502871698049
0.980955675432608309
0.980959403705623401
0.980961640581407446
0.980962392216598977
0.980961647758545996
0.980959387809158256
0.980955564962750826
0.980950231238026160
0.980943322512518923
0.980934880419950805
0.980924888170372933
0.980913328275742624
0.980900254481813394
0.980885636909249237
0.980869485405017727
0.980851841206082153
0.980832706386180253
0.980812085123708988
0.980790049347882054
0.980766594186600948
0.980741779409758818
0.980715608658903060
0.980688157353064693
0.980659486641157985
0.980629581902919933
0.980598567825221257
0.980566460335311696
0.980533354020649672
0.980499288939814195
0.980464321933688709
0.980428557211340257
0.980392058256956189
0.980354926466564081
0.980317215240847029
0.980279039958084741
0.980240449872654795
0.980201579136179224
0.980162522646490508
0.980123340252206598
0.980084194331591330
0.980045105782372694
0.980006251771270431
0.979967715571103848
0.979929607444722905
0.979891994382492859
0.979855048803697892
0.979818843047427390
0.979783471852235355
0.979749095986885865
0.979715745142956895
0.979683604179700906
0.979652745114090839
0.979623267835631362
0.979595270518408778
0.979568864710320009
0.979544148213546739
0.979521178920080837
0.979500093032493746
0.979480942013221445
0.979463858290966716
0.979448853428950050
0.979436032755394370
0.979425479903675011
0.979417210510738601
0.979411314511671516
0.979407838296339373
0.979406824143924548
0.979408303484852749
0.979412323421537612
0.979418881039341938
0.979428029215054452
0.979439729031697626
0.979454038428434814
0.979470914399041992
0.979490362171029028
0.979512361689435229
0.979536891116395636
0.979563877293138430
0.979593354193309174
0.979625210488725195
0.979659416235373670
0.979695917002762040
0.979734616806285707
0.979775470954256877
0.979818363430781880
0.979863248403323173
0.979910021035647283
0.979958567822712068
0.980008786651326735
0.980060601998103964
0.980113869086253975
0.980168493808186381
0.980224338865423150
0.980281311047967008
0.980339268144665210
0.980398106992068086
0.980457671683618415
0.980517870154579585
0.980578535959103936
0.980639587129470747
0.980700885718510440
0.980762298762571039
0.980823743534117609
0.980885025863938664
0.980946122135727738
0.981006859152938726
0.981067148361372876
0.981126925608217793
0.981186022975684913
0.981244428992603335
0.981301995857464804
0.981358663987207724
0.981414388274688965
0.981469090270391864
0.981522673741981655
0.981575141057865475
0.981626419491438473
0.981676456093727667
0.981725271106758779
0.981772771414506362
0.981819020512289198
0.981863944680833933
0.981907577515874874
0.981949902144504172
0.981990971011231895
0.982030735377551256
0.982069264724858448
0.982106559983774829
0.982142690430356735
0.982177646551254391
0.982211474193480982
0.982244238833896111
0.982275969342732314
0.982306717820308872
0.982336531466542207
0.982365439259520357
0.982393497400757321
0.982420774115539408
0.982447309192566065
0.982473097918136973
0.982498250667384387
0.982522740496460822
0.982546643949071319
0.982569969603408144
0.982592729247664165
0.982615001011570732
0.982636724561443020
0.982657941279448055
0.982678653122857182
0.982698857240367318
0.982718521344645768
0.982737663755795743
0.982756233128326828
0.982774195115464377
0.982791551731750257
0.982808230512636771
0.982824167362093659
0.982839357983224970
0.982853699459688257
0.982867188630398902
0.982879701811389284
0.982891194847601346
0.982901645096260324
0.982910928765585612
0.982918993063661484
0.982925783494294825
0.982931251639697523
0.982935331162304471
0.982937955966839860
0.982939080904189910
0.982938626143388006
0.982936632527422804
0.982933014926734350
0.982927798682421749
0.982920934911583166
0.982912455799820228
0.982902355595349775
0.982890672074598459
0.982877466019050905
0.982862745287119366
0.982846615321330552
0.982829133013385148
0.982810430455039019
0.982790560418803416
0.982769695620772654
0.982747924486233826
0.982725404118006463
0.982702333297054254
0.982678807023074974
0.982655051077228947
0.982631243618748318
0.982607553844880521
0.982584181895287956
0.982561346645910660
0.982539192904513969
0.982517989818863069
0.982497869435922766
0.982479083889810645
0.982461773119932213
0.982446121461271638
0.982432309457405006
0.982420472718646298
0.982410763608121185
0.982403297352211102
0.982398229138788492
0.982395588298386691
0.982395467545550516
0.982397909527056856
0.982402957118432729
0.982410624107947106
0.982420848213519382
0.982433626783747904
0.982448890469485914
0.982466556136713076
0.982486530566285432
0.982508676801345127
0.982532854494940322
0.982558889883378250
0.982586665836215678
0.982615906403078720
0.982646505375464163
0.982678185916715852
0.982710778371756355
0.982744081224982247
0.982777859410911114
0.982811912432581258
0.982846048729185240
0.982880063454517283
0.982913770431455447
0.982946995956432423
0.982979617537374173
0.983011462667426894
0.983042417088077713
0.983072386386922958
0.983101315143555810
0.983129122581684167
0.983155757573945466
0.983181231859666438
0.983205523276711846
0.983228651550726584
0.983250698683533209
0.983271646714613978
0.983291599140849515
0.983310606746889859
0.983328804724826089
0.983346187375581438
0.983362908246092848
0.983379013603417396
0.983394590249059841
0.983409730738813548
0.983424427808922030
0.983438777616150284
0.983452783555805565
0.983466464901120108
0.983479797966339442
0.983492769189453386
0.983505318821560337
0.983517372487566433
0.983528868457802186
0.983539644529049295
0.983549672962051535
0.983558744264960483
0.983566758600567526
0.983573585132495043
0.983579058387526128
0.983583038269626453
0.983585424750642145
0.983586083379192178
0.983584919801758550
0.983581881032969507
0.983576902641341788
0.983570018647029087
0.983561171214629382
0.983550514383110031
0.983538093553688708
0.983524073300422685
0.983508644130669629
0.983491986884363234
0.983474390195168024
0.983456157095016326
0.983437527610797502
0.983418919707699679
0.983400620845185203
0.983383028138237081
0.983366485847075866
0.983351315233696899
0.983337896228931752
0.983326498579031316
0.983317367593500857
0.983310766515318568
0.983306894562165690
0.983305826512687164
0.983307660050827370
0.983312374436971171
0.983319952780295825
0.983330286396655762
0.983343196810056219
0.983358441412167217
0.983375794986813934
0.983394925648006790
0.983415533886042303
0.983437275677173983
0.983459727031904096
0.983482607396886199
0.983505568943809250
0.983528278476081375
0.983550465312246658
0.983571894351366161
0.983592365215402831
0.983611719862081957
0.983629914421583873
0.983646884044407255
0.983662657517442640
0.983677293362447913
0.983690893796472787
0.983703566117638095
0.983715481716129769
0.983726774146756244
0.983737592500836144
0.983748052451834054
0.983758281059222695
0.983768314922752851
0.983778169494611165
0.983787808445626522
0.983797144212969488
0.983806037758836238
0.983814302782089145
0.983821719242776394
0.983828016854812470
0.983832951310012249
0.983836221125193866
0.983837598723321327
0.983836862520816813
0.983833872361400408
0.983828519941018609
0.983820842044326294
0.983810893600537084
0.983798894211644015
0.983785108814635878
0.983769955050611711
0.983753856139510385
0.983737411332684442
0.983721149158029662
0.983705694600613301
0.983691649720431438
0.983679564371826021
0.983669923947979696
0.983663156620497525
0.983659497884195266
0.983659148411351603
0.983662118845098465
0.983668312495439290
0.983677417471148563
0.983689098621788660
0.983702883147298257
0.983718236442545635
0.983734612167080469
0.983751384734166123
0.983768072952850958
0.983784229617720607
0.983799443595705148
0.983813498869460790
0.983826270858525920
0.983837707935563799
0.983847925803561951
0.983857106414622873
0.983865490179895996
0.983873327193275027
0.983880834371158475
0.983888219394841057
0.983895561495224169
0.983902858261401114
0.983909958165473886
0.983916627524206611
0.983922506185527679
0.983927141573531117
0.983930063605113814
0.983930882661709028
0.983929161430039056
0.983924683938253164
0.983917388839981033
0.983907347765723639
0.983894963514342691
0.983880785349561693
0.983865530267350685
0.983850106445816719
0.983835495129223303
0.983822551903736686
0.983812174311989973
0.983805048610220223
0.983801571068901870
0.983801914561213242
0.983805912136522465
0.983813178672017896
0.983823022484127674
0.983834675284693483
0.983847251992233218
0.983859916665047352
0.983871956703124328
0.983882872257788921
0.983892322668039832
0.983900355589001574
0.983907134350655022
0.983912974968911391
0.983918289209886110
0.983923465162895305
0.983928712582087250
0.983934039254268589
0.983939205129461425
0.983943781169611009
0.983947080660364737
0.983948367845304372
0.983946977547874413
0.983942386853475459
0.983934458550703051
0.983923390643449913
0.983909879678720678
0.983894980646534578
0.983880033236384066
0.983866476986967942
0.983855586272590732
0.983848463239647364
0.983845590548818372
0.983847003975232393
0.983852130532704594
0.983859961099666891
0.983869296674037663
0.983878894580401342
0.983887698002197775
0.983895031020450839
0.983900743533465350
0.983905075983992794
0.983908553638089267
0.983911737906667305
0.983915099220550315
0.983918650004623752
0.983921997069531318
0.983924270577192228
0.983924434489241828
0.983921388023665466
0.983914559863685922
0.983903902729409863
0.983890257321206829
0.983875163938658037
0.983860580644811300
0.983848525038090282
0.983840596410353929
0.983837540619605266
0.983839098849194960
0.983844150840841980
0.983851014061233542
0.983857895254076964
0.983863535317148541
0.983867381833020138
0.983869633996342641
0.983871089682559874
0.983872550328754314
0.983874337814997224
0.983876064550505358
0.983876555094171712
0.983874184026861665
0.983867701680539830
0.983856809394709209
0.983842477552013928
0.983826947984263733
0.983813017264059231
0.983803226988735902
0.983798883536339042
0.983799568996898133
0.983803523502328803
0.983808301177041988
0.983811911403993489
0.983813494990841253
0.983813509075965431
0.983813109781122574
0.983813140651551232
0.983813214982480311
0.983811761110208516
0.983806599024995787
0.983796473187462328
0.983781957545488361
0.983765751186431170
0.983751705719880465
0.983742887568204938
0.983740111428714314
0.983741638224631565
0.983744304776664968
0.983745440765590118
0.983744404399718331
0.983742290410847153
0.983740440128538784
0.983738821982942824
0.983735297759361527
0.983727103160152772
0.983713345824292262
0.983696378302294616
0.983681007408720998
0.983671410460146278
0.983668327928490571
0.983668739163883643
