0.996147065673825605
0.996261197842953861
0.996372191667043272
0.996480038875390606
0.996584785405452145
0.996686443534658406
0.996785055745472492
0.996880618124169615
0.996973191732035469
0.997062794808851183
0.997149479885976797
0.997233260858457204
0.997314221114629640
0.997392354673976023
0.997467780726761677
0.997540488651325941
0.997610598143242489
0.997678068623761183
0.997743061120564656
0.997805597764981789
0.997865726460257063
0.997923534259781198
0.997979066145671001
0.998032404161459996
0.998083627226311720
0.998132773949918395
0.998179942209910021
0.998225187344731535
0.998268585083733728
0.998310226322082661
0.998350142647229211
0.998388443042762974
0.998425187021168004
0.998460442019239669
0.998494289494756493
0.998526761592214984
0.998557965585474716
0.998587966696508289
0.998616809947197592
0.998644572464856495
0.998671310864509554
0.998697091674538462
0.998721957872897859
0.998745994853375008
0.998769238548391169
0.998791707357863712
0.998813499101326330
0.998834640560428588
0.998855168834197005
0.998875140918401905
0.998894580788990072
0.998913509832918822
0.998931999618237865
0.998950014629555572
0.998967633366223406
0.998984831323070366
0.999001647427929629
0.999018112780943324
0.999034194546386645
0.999049946787232357
0.999065307433784633
0.999080339313985655
0.999095000694854019
0.999109278649484067
0.999123151350461702
0.999136676457094586
0.999149726333578569
0.999162362624912093
0.999174511217942318
0.999186171655041977
0.999197283630181232
0.999207834253134308
0.999217802425854784
0.999227111099584397
0.999235732035602897
0.999243643866356779
0.999250755813439251
0.999257066809012606
0.999262491223654514
0.999266979059769356
0.999270518914940009
0.999273008027962484
0.999274437717504349
0.999274737569954885
0.999273847762373379
0.999271686960481187
0.999268278864689941
0.999263515883500708
0.999257379749048158
0.999249788764248859
0.999240694897746473
0.999230087973472014
0.999217887819436767
0.999204073307305429
0.999188628046480454
0.999171497074774484
0.999152644488019215
0.999132068678706631
0.999109704383351782
0.999085553177000318
0.999059598738269772
0.999031853177352991
0.999002289542305189
0.998970902936993088
0.998937704506758783
0.998902715290114540
0.998865951412588049
0.998827431819326872
0.998787162074071477
0.998745202104922680
0.998701584057728242
0.998656363467805952
0.998609584995913679
0.998561287295859246
0.998511560024287204
0.998460480639750569
0.998408097859802224
0.998354520893899311
0.998299824528633084
0.998244104166809421
0.998187450851173330
0.998129961974338231
0.998071810191744735
0.998013040236717441
0.997953806671435961
0.997894223375328626
0.997834437117475548
0.997774565359569321
0.997714744008191379
0.997655110129411105
0.997595816383153866
0.997537024008355866
0.997478861471427170
0.997421442991994867
0.997364977026344746
0.997309586419688587
0.997255418870301225
0.997202635653812064
0.997151356291486435
0.997101760089741052
0.997053991678327423
0.997008176811613356
0.996964473525068784
0.996922991489563648
0.996883874410099402
0.996847243445186604
0.996813215993765933
0.996781949306056347
0.996753483142027830
0.996727978441414475
0.996705519417821706
0.996686162602556269
0.996670042738080353
0.996657153478099467
0.996647609919110722
0.996641474488104806
0.996638732619677392
0.996639497390009343
0.996643713201200709
0.996651450077710943
0.996662692003237760
0.996677409686086535
0.996695590024088252
0.996717239307346237
0.996742285704196207
0.996770678552493017
0.996802370243486280
0.996837248946146226
0.996875283371616461
0.996916360018220149
0.996960358036668381
0.997007169578447372
0.997056707200827397
0.997108783921195063
0.997163301198697449
0.997220108485663781
0.997279056685654863
0.997339974908568627
0.997402716384013455
0.997467040605536925
0.997532859167658548
0.997599949278916709
0.997668147128207061
0.997737220734320474
0.997807040820052671
0.997877398555074735
0.997948098403783845
0.998018971300464797
0.998089816371382610
0.998160467350956204
0.998230734650620843
0.998300411716368408
0.998369406418331939
0.998437491200521277
0.998504541747460617
0.998570408458393732
0.998634901595354951
0.998697931391099192
0.998759396291483470
0.998819150980628789
0.998877076464035341
0.998933112918577226
0.998987166437494190
0.999039149018252970
0.999089023460969949
0.999136728021576048
0.999182266900284000
0.999225535346517368
0.999266609413798745
0.999305416817093395
0.999342029844831670
0.999376398411735423
0.999408625139695195
0.999438727626669521
0.999466723416908898
0.999492742463874650
0.999516798780060500
0.999538980087395501
0.999559407715015280
0.999578119513611529
0.999595248135840220
0.999610904176551407
0.999625147079328813
0.999638107249250063
0.999649899321020108
0.999660632098181900
0.999670385264450179
0.999679308903361208
0.999687462850104569
0.999694996366617739
0.999701955950585863
0.999708470023748519
0.999714546197352671
0.999720372498034138
0.999725927682777904
0.999731336206681309
0.999736577027186324
0.999741759340481262
0.999746867519735405
0.999751958257943274
0.999757005199083837
0.999762011309796139
0.999766965101943073
0.999771868854094081
0.999776648589865591
0.999781288521556899
0.999785735976042811
0.999789932067099207
0.999793798388479815
0.999797238846705905
0.999800195476555742
0.999802590441426053
0.999804301544967355
0.999805270738031271
0.999805343240568689
0.999804475070198206
0.999802540528426431
0.999799487956246735
0.999795185501826111
0.999789553541451159
0.999782550614004673
0.999774065653764143
0.999764086792480300
0.999752525046958440
0.999739358872612116
0.999724568994023399
0.999708157974163791
0.999690149810416373
0.999670522408560802
0.999649345634392783
0.999626682912196030
0.999602581567335502
0.999577179857468745
0.999550562408495713
0.999522822657767374
0.999494173788254781
0.999464699476851237
0.999434618212206582
0.999404109187575718
0.999373369537066791
0.999342601482799631
0.999311988234097504
0.999281811574093681
0.999252275677358082
0.999223579501788861
0.999195969339450429
0.999169689480004952
0.999144934516690397
0.999121965629631403
0.999100919613156502
0.999082043698531708
0.999065480679279583
0.999051416032506134
0.999039981221607643
0.999031282868981685
0.999025488205446011
0.999022565276996843
0.999022650528711309
0.999025749121467355
0.999031839855203718
0.999040926996526135
0.999052935253115670
0.999067785161046773
0.999085337499564630
0.999105507093240863
0.999128129942099874
0.999152991287155068
0.999179916397709422
0.999208672568765777
0.999239048066740465
0.999270748343204618
0.999303531651542287
0.999337194286796127
0.999371377760545743
0.999405861048548005
0.999440361076558648
0.999474613044033622
0.999508410312230811
0.999541450255900354
0.999573567433701626
0.999604521158138470
0.999634137629272224
0.999662266302689950
0.999688779042553821
0.999713545458216113
0.999736515021659167
0.999757615201923855
0.999776856390809598
0.999794185804899982
0.999809686207049797
0.999823367442077116
0.999835368289421877
0.999845755841610950
0.999854621214879224
0.999862164057127689
0.999868452183929168
0.999873705142373614
0.999878052843481635
0.999881614837441646
0.999884631035742988
0.999887154780556342
0.999889377307930149
0.999891418317521818
0.999893363295138338
0.999895284403949702
0.999897274924394397
0.999899336600792665
0.999901506698930853
0.999903761330774743
0.999906043871403916
0.999908329833610665
0.999910486106201923
0.999912445404556149
0.999914070408067790
0.999915227580457588
0.999915770880707711
0.999915542218135833
0.999914422727481211
0.999912229778173400
0.999908868389361660
0.999904168092361045
0.999898092447535580
0.999890532366991880
0.999881464327305181
0.999870874415951905
0.999858802226015420
0.999845300011668492
0.999830461591824426
0.999814440628520651
0.999797427400278438
0.999779635018366752
0.999761305952453827
0.999742691651885007
0.999724148703905025
0.999705928137787359
0.999688362692922272
0.999671805865418261
0.999656569970982734
0.999642942723055095
0.999631202169613209
0.999621628644543181
0.999614395864618310
0.999609733078238083
0.999607707837462778
0.999608390588704765
0.999611833976085440
0.999617959756463947
0.999626677142959275
0.999637831376525399
0.999651215724901898
0.999666550115799524
0.999683575104097333
0.999701927615591401
0.999721250543349704
0.999741233818234876
0.999761421618237112
0.999781513360389673
0.999801149920493071
0.999820009366466866
0.999837802289031186
0.999854317697145056
0.999869351181741139
0.999882772003000575
0.999894486941681149
0.999904526510639546
0.999912873441575201
0.999919666449789690
0.999925011900180571
0.999929085546323759
0.999932065925256852
0.999934193123555914
0.999935680789988401
0.999936733402919109
0.999937533379929189
0.999938284537544186
0.999939035933967157
0.999939945943029707
0.999941000464657281
0.999942202190144069
0.999943465037812729
0.999944718913223451
0.999945756261926832
0.999946393461143113
0.999946435462342853
0.999945683273689379
0.999943935039288578
0.999940966869081405
0.999936700813752299
0.999930974419397822
0.999923830146281056
0.999915250013507895
0.999905370135809934
0.999894411759856161
0.999882582104504536
0.999870257764775006
0.999857767166259515
0.999845598286572268
0.999834115705657056
0.999823782849710740
0.999815033320664015
0.999808199546232346
0.999803570562493249
0.999801353582512764
0.999801696982256072
0.999804609956881696
0.999809968807733429
0.999817604213265265
0.999827198402569728
0.999838387318832567
0.999850709949657190
0.999863707193625828
0.999876872110761372
0.999889747674512219
0.999901911002510135
0.999913008780361490
0.999922727573623771
0.999930950604918545
0.999937570561470257
0.999942629037610997
0.999946266835154196
0.999948662898030083
0.999950092363520060
0.999950845894221008
0.999951179477401086
0.999951393334055361
0.999951625252660903
0.999952031909622119
0.999952649047812114
0.999953379799052189
0.999954085892501343
0.999954551063426234
0.999954514638454417
0.999953694504812862
0.999951785571725371
0.999948640597886684
0.999944092325431244
0.999938167132043088
0.999930976241519498
0.999922799847676735
0.999913955329002735
0.999905008798986028
0.999896453663545959
0.999888846834347977
0.999882736444875575
0.999878590356177988
0.999876721281942271
0.999877282752923313
0.999880243551350190
0.999885399484726656
0.999892402779062772
0.999900724236211680
0.999909780940197113
0.999918920836169067
0.999927595863930208
0.999935304167000383
0.999941696929366297
0.999946591387816497
0.999949987107968563
0.999952042127814078
0.999953039004217836
0.999953334490275680
0.999953294525936509
0.999953213553577025
0.999953311893736152
0.999953600599398640
0.999954001791124147
0.999954283500835150
0.999954074548828453
0.999953037373934372
0.999950863705168613
0.999947360035974397
0.999942531747723184
0.999936573186138156
0.999929884128556878
0.999923064578747023
0.999916857406821458
0.999911915557037179
0.999908827243547571
0.999907987599831016
0.999909501934472811
0.999913156935267500
0.999918528654146321
0.999924921884473128
0.999931598870103522
0.999937819937650962
0.999942976323855648
0.999946768230387306
0.999949092165406617
0.999950175094622917
0.999950353417322968
0.999950131115585727
0.999949865271751781
0.999949801430518037
0.999949930251858854
0.999949977261847200
0.999949590310031056
0.999948274312988716
0.999945740308546882
0.999941889957916441
0.999936956624232320
0.999931520836755405
0.999926385037691934
0.999922363397741765
0.999920217133091538
0.999920306840675233
0.999922575454944340
0.999926574666864409
0.999931457006437929
0.999936293260186515
0.999940340749124301
0.999943013692337734
0.999944320643292306
0.999944519132445975
0.999944169534694782
0.999943730215333226
0.999943508250721647
0.999943415549319314
0.999943026167346205
0.999941868218554464
0.999939487351076184
0.999935826215030743
0.999931392513635497
0.999927007394831646
0.999923732658125730
0.999922363161134142
0.999923188521436801
0.999925871748992168
0.999929542612237432
0.999933073893473745
0.999935616432691465
0.999936769240315271
0.999936763522444649
0.999936201548692005
0.999935659367282570
0.999935315066125208
0.999934858354162404
0.999933711030961847
0.999931373326753858
0.999927862545629820
0.999923916894031040
0.999920721676364033
0.999919330872680701
0.999920043063349806
0.999922362282701926
0.999925128764207582
0.999927162478774556
0.999927840721773986
0.999927421139172545
0.999926647917010025
0.999925991505905887
0.999925402857461121
0.999924213386215843
0.999921829333537127
0.999918425724719895
0.999915063268037807
0.999913056369833408
0.999913164257996478
0.999914811514878044
0.999916732032262279
0.999917629032304411
