0.989537597108312350
0.989661411237101274
0.989782720647373604
0.989901525777922342
0.990017835434005566
0.990131624641694463
0.990242944948284576
0.990351767313004894
0.990458095186413590
0.990561961450799999
0.990663405345701742
0.990762412814477189
0.990859047262156789
0.990953287839518415
0.991045175107940768
0.991134763476961167
0.991222055192871321
0.991307098347372406
0.991389929542098258
0.991470586447035229
0.991549085892443949
0.991625516447510513
0.991699890005768192
0.991772242181995778
0.991842645344550911
0.991911117850851731
0.991977748498922285
0.992042539646538768
0.992105583366140742
0.992166873220657886
0.992226548202963854
0.992284547708335740
0.992341013693235796
0.992395970585438936
0.992449418683345463
0.992501483656736072
0.992552187540367559
0.992601568894667330
0.992649681083897617
0.992696601949036639
0.992742330237775250
0.992786920240841586
0.992830474669743279
0.992872946479399388
0.992914437936058603
0.992954995551677766
0.992994637351376164
0.993033384876695346
0.993071325906323521
0.993108401931233287
0.993144750563294432
0.993180321700670277
0.993215182875508806
0.993249360895863576
0.993282866249645346
0.993315677776808514
0.993347875025654248
0.993379427325095654
0.993410380663874881
0.993440734298731032
0.993470485004428805
0.993499643504386687
0.993528186146978687
0.993556155758971937
0.993583538036036273
0.993610267264052327
0.993636400854837398
0.993661924953196607
0.993686777602055815
0.993710986435176302
0.993734487785287168
0.993757335445735857
0.993779416243799618
0.993800765448899837
0.993821337922267456
0.993841086057396517
0.993860006836671417
0.993878067342561788
0.993895219334239521
0.993911393512183827
0.993926615516790402
0.993940828302818935
0.993953980552598093
0.993966068131766134
0.993977005702904259
0.993986758274137294
0.993995332862291692
0.994002635911894306
0.994008694991174613
0.994013407632442614
0.994016755880278269
0.994018731693013025
0.994019262104863244
0.994018336934258895
0.994015961600895559
0.994012032140987878
0.994006568713043714
0.993999566339831109
0.993990954760084033
0.993980727955478760
0.993968900008020406
0.993955432704939246
0.993940304350400039
0.993923561581694814
0.993905154679828984
0.993885132547345673
0.993863432598521279
0.993840142156629747
0.993815219377645609
0.993788725859836464
0.993760669544833664
0.993731042920286134
0.993699944967818216
0.993667359899014224
0.993633392624285960
0.993598014427725884
0.993561317098475616
0.993523368642716842
0.993484239812090997
0.993443957341910933
0.993402616665019833
0.993360281119149646
0.993317034656755804
0.993273001176066650
0.993228214738712700
0.993182796485219344
0.993136838060241778
0.993090447914869889
0.993043726400674065
0.992996765565436812
0.992949670090533143
0.992902611835785542
0.992855656542890208
0.992808906918086875
0.992762511913258150
0.992716583042641543
0.992671251745696370
0.992626625521214723
0.992582808538178485
0.992539971438035962
0.992498214387354527
0.992457662033998433
0.992418383172955720
0.992380581800398676
0.992344293006186762
0.992309688225331388
0.992276866603862939
0.992245905270826900
0.992216949678497495
0.992190045276033494
0.992165327101776851
0.992142877042373472
0.992122781073418336
0.992105129629978544
0.992089963476362580
0.992077346154185968
0.992067378700615676
0.992060088213016611
0.992055527811527837
0.992053731197951594
0.992054706537104147
0.992058517129959849
0.992065169482230225
0.992074648060262132
0.992086978645231099
0.992102136011396740
0.992120085957213904
0.992140851598691920
0.992164334513956692
0.992190528324147336
0.992219408633493338
0.992250849451264183
0.992284845775587399
0.992321315131301618
0.992360109792832734
0.992401198105718696
0.992444526243793534
0.992489895303946046
0.992537248554070106
0.992586484919579903
0.992637468451043614
0.992690069026332278
0.992744184566614840
0.992799656747799020
0.992856344801673951
0.992914159476449232
0.992972906085613172
0.993032474661957210
0.993092708811443736
0.993153479902636804
0.993214652878673832
0.993276048795413202
0.993337574906205445
0.993399085662961090
0.993460423147130123
0.993521478912909650
0.993582135075611550
0.993642208368070823
0.993701668068341926
0.993760352301967242
0.993818195970873286
0.993875027260279098
0.993930831958963701
0.993985467533845424
0.994038889916148860
0.994091031108290668
0.994141825365845055
0.994191211750848680
0.994239142994424951
0.994285580308478578
0.994330530664605194
0.994373928491523840
0.994415810251475074
0.994456103919013290
0.994494875904073372
0.994532136434034708
0.994567854623773839
0.994602117159385735
0.994634911050724990
0.994666326936755496
0.994696354845531872
0.994725059237074549
0.994752503742670768
0.994778744352076361
0.994803837552840187
0.994827853334665058
0.994850844518211375
0.994872887613479140
0.994894039974592248
0.994914376741323880
0.994933940536291139
0.994952806163763803
0.994971049312252109
0.994988707134760841
0.995005829622812699
0.995022463964792325
0.995038669222423455
0.995054431461708022
0.995069843550409283
0.995084903235013085
0.995099625649229713
0.995114019953219686
0.995128098222955226
0.995141824834667288
0.995155253451240784
0.995168271657548842
0.995180939976581969
0.995193165115259015
0.995204976270402497
0.995216224435159558
0.995226962103811230
0.995237093434235720
0.995246528725881485
0.995255254318311633
0.995263160038271866
0.995270241962068591
0.995276342576077666
0.995281448468601337
0.995285492095918434
0.995288361462662530
0.995290073957551646
0.995290488363187009
0.995289627671033683
0.995287359213625988
0.995283718681466367
0.995278627225893997
0.995272072739810887
0.995264035884073306
0.995254544337840774
0.995243565385440787
0.995231127899067980
0.995217295199057217
0.995202078228668685
0.995185553817699464
0.995167791397593149
0.995148852379437177
0.995128860366641166
0.995107907991846341
0.995086120460132117
0.995063617669708633
0.995040566957445138
0.995017093847139211
0.994993378232580272
0.994969553307842092
0.994945853225056354
0.994922395788565117
0.994899381910510749
0.994877016588542773
0.994855455710922487
0.994834879469632449
0.994815462144225893
0.994797374983929505
0.994780789923036868
0.994765871687338876
0.994752734996891208
0.994741540090426590
0.994732381356394080
0.994725355079714157
0.994720542700211818
0.994718042031725314
0.994717863905236754
0.994720080069685930
0.994724653212906484
0.994731622496593415
0.994740927823966725
0.994752512859708116
0.994766304479472008
0.994782242712073939
0.994800192271642181
0.994820028874430440
0.994841625790880868
0.994864830720878501
0.994889502061042541
0.994915379629559560
0.994942371503371947
0.994970250391304933
0.994998820258563343
0.995027906459287070
0.995057268883245416
0.995086793194138397
0.995116231969820908
0.995145447693990826
0.995174256998151985
0.995202509239092148
0.995230075736662001
0.995256821160356409
0.995282642219629810
0.995307494191540632
0.995331255257210779
0.995353875848594805
0.995375359641117008
0.995395675090209542
0.995414811248629960
0.995432814900335639
0.995449717453983918
0.995465575283148385
0.995480416813167790
0.995494345345130260
0.995507434244877421
0.995519774220903764
0.995531413023514222
0.995542483723252825
0.995553012687536931
0.995563116729106468
0.995572868443319159
0.995582296952223889
0.995591419554975099
0.995600341858077442
0.995609005612737352
0.995617456743297602
0.995625654003799099
0.995633579903779764
0.995641155996832228
0.995648324272125351
0.995655024038180181
0.995661161249693838
0.995666631448129280
0.995671305799066486
0.995675120736419617
0.995677950735393336
0.995679695175665569
0.995680271105974901
0.995679544475626677
0.995677505961048204
0.995674087290530752
0.995669221164541041
0.995662966721782339
0.995655283536837077
0.995646268417924030
0.995635994699054616
0.995624517359912420
0.995612007107873676
0.995598633898105767
0.995584599605988996
0.995570073339359762
0.995555274452168959
0.995540504792423397
0.995525983720467189
0.995511971901816617
0.995498734069112490
0.995486533546535379
0.995475579981428882
0.995466138139781909
0.995458363611064878
0.995452472416503809
0.995448569797354521
0.995446773297515408
0.995447131221337433
0.995449662420509584
0.995454360881478761
0.995461126197528690
0.995469892309972404
0.995480503451954268
0.995492755469425505
0.995506463348307502
0.995521405808203919
0.995537297002494492
0.995553919081133887
0.995570969132679284
0.995588213630258623
0.995605389965570464
0.995622282269998826
0.995638714048242446
0.995654455619326861
0.995669411878519539
0.995683498848735526
0.995696598227331142
0.995708700445007144
0.995719860867370632
0.995730044644783430
0.995739387261793230
0.995747958461694282
0.995755846439463022
0.995763158790684333
0.995770020782058118
0.995776527789932975
0.995782750121715465
0.995788776404832765
0.995794599689554749
0.995800225536622952
0.995805667420792573
0.995810807579571189
0.995815565088655097
0.995819819024544750
0.995823411199653563
0.995826212932166888
0.995828053140619396
0.995828782426092296
0.995828240113710628
0.995826373819308719
0.995823086168217575
0.995818353408788215
0.995812231007953241
0.995804784287593669
0.995796174506394793
0.995786631053256488
0.995776352782552610
0.995765702822690613
0.995754995674565935
0.995744611599610807
0.995734892033633190
0.995726174152230969
0.995718836400675378
0.995713115697743678
0.995709283908489784
0.995707465729239405
0.995707757849262576
0.995710170422119067
0.995714562500053746
0.995720878800604225
0.995728769278122927
0.995738029829979832
0.995748298880089977
0.995759219712013088
0.995770476381335645
0.995781684101353814
0.995792592433065060
0.995802920991770146
0.995812513343650174
0.995821228143814241
0.995829048740723421
0.995835985702190341
0.995842136533952926
0.995847609598908612
0.995852534793196464
0.995857067727773715
0.995861330246304965
0.995865427661608238
0.995869356480167167
0.995873096406072689
0.995876602759261376
0.995879676502572031
0.995882141712236657
0.995883794817411072
0.995884389352930555
0.995883705399444707
0.995881625900425282
0.995878053379060768
0.995872976217384798
0.995866540560090940
0.995858992173505153
0.995850655233728288
0.995841930977384049
0.995833346001286923
0.995825336564671759
0.995818453838791640
0.995813110532861812
0.995809647595502168
0.995808265321388664
0.995809029024805059
0.995811836893056745
0.995816460871509435
0.995822557209033343
0.995829680983310372
0.995837368139466661
0.995845144096714097
0.995852613744443338
0.995859461447753946
0.995865495997758976
0.995870667360863493
0.995875031570022884
0.995878690416894918
0.995881855310876141
0.995884719670878771
0.995887404206832305
0.995889972170606597
0.995892366483187463
0.995894387443894247
0.995895812017813742
0.995896291090980323
0.995895521956798424
0.995893262268217394
0.995889427362850244
0.995884024886507846
0.995877312724825270
0.995869791191968168
0.995862018637222679
0.995854682616869935
0.995848445302469520
0.995843934775971551
0.995841495325993864
0.995841264979154817
0.995843164190136743
0.995846786003601547
0.995851652114294938
0.995857035080253694
0.995862425152401753
0.995867290193903409
0.995871368977447657
0.995874563350056308
0.995876964709461077
0.995878880504981523
0.995880494457216270
0.995881981027845642
0.995883354027747858
0.995884424549375202
0.995884797317009518
0.995884014622204994
0.995881704030575521
0.995877675718121913
0.995871986550003196
0.995865096225114210
0.995857697759566229
0.995850699865711508
0.995845027151894269
0.995841337407537774
0.995840010113343110
0.995840896221133032
0.995843509667616922
0.995847056589398316
0.995850720669173017
0.995853855471314775
0.995856106675360064
0.995857518346314197
0.995858297847173390
0.995858837995019175
0.995859308112166608
0.995859535925008421
0.995859219775675153
0.995857666142187514
0.995854410112420707
0.995849232142631324
0.995842522491665827
0.995835145074731254
0.995828323829989870
0.995823139459519502
0.995820365288821341
0.995820000613858225
0.995821468073919025
0.995823681960895435
0.995825704817170809
0.995826814825484186
0.995827036353343353
0.995826689522912534
0.995826197709078986
0.995825600614890338
0.995824497449304014
0.995822053926667006
0.995817693657194525
0.995811340889150909
0.995803823288719525
0.995796610427126305
0.995791192477979092
0.995788436912084407
0.995788037322235420
0.995788900221162177
0.995789642090327831
0.995789456932135941
0.995788365578415657
0.995786909872886650
0.995785390515678603
0.995783428458373421
0.995780035672433783
0.995774458732654466
0.995766942520308285
0.995759013049882458
0.995752691019156977
0.995749159914307125
0.995748050261982987
0.995747776253550709
