0.891726579084743509
0.891916787042124293
0.892106569833469365
0.892295828223704346
0.892484454171145858
0.892672395861668133
0.892859493982614549
0.893045716804575562
0.893230940725821432
0.893415097310342632
0.893598051773955460
0.893779777532595632
0.893960170173030311
0.894139136945827917
0.894316610914027699
0.894492518016101412
0.894666799741501872
0.894839351367468394
0.895010156765530862
0.895179119834638826
0.895346176630967272
0.895511295520071582
0.895674399153744250
0.895835467480614045
0.895994429869120146
0.896151237757025543
0.896305900532394562
0.896458298130733966
0.896608509915937879
0.896756386149225371
0.896901979531948723
0.897045282831099966
0.897186228926236562
0.897324825895178479
0.897461047710985227
0.897594923950186807
0.897726442463007368
0.897855559658961688
0.897982330760900282
0.898106748121223708
0.898228825937456121
0.898348565771233898
0.898465996695359648
0.898581139895135106
0.898694027831088538
0.898804658966372738
0.898913094288270376
0.899019354948970673
0.899123460069815583
0.899225476289928882
0.899325425220979913
0.899423338105259873
0.899519302708960855
0.899613308161634651
0.899705440040220572
0.899795756596515561
0.899884262035074323
0.899971038466624851
0.900056150694870771
0.900139619366155719
0.900221540927792496
0.900301921156125173
0.900380842126666470
0.900458360454487128
0.900534530651907583
0.900609382964206895
0.900682990682385221
0.900755410935923151
0.900826688860921432
0.900896850487222567
0.900965980375456610
0.901034101848987690
0.901101262858735597
0.901167531689447965
0.901232912764533656
0.901297453557688422
0.901361196345257132
0.901424168970926920
0.901486407360456488
0.901547937215725903
0.901608799046301534
0.901668938234811534
0.901728462916541962
0.901787340442729013
0.901845568730189506
0.901903176303194831
0.901960152273337923
0.902016503753889531
0.902072204368291941
0.902127287211861306
0.902181680198805958
0.902235375305563081
0.902288373921329989
0.902340644110666168
0.902392119008047389
0.902442832157171915
0.902492684200672302
0.902541645526639624
0.902589632798166397
0.902636685811230244
0.902682664218948716
0.902727550738420037
0.902771276772227127
0.902813784037980405
0.902855001777120858
0.902894877402335538
0.902933323744040228
0.902970242092457243
0.903005596241511221
0.903039303545798089
0.903071299986270892
0.903101471572083536
0.903129781238766083
0.903156131528386585
0.903180456489237615
0.903202683199603507
0.903222719610072278
0.903240523348345925
0.903255999794213116
0.903269085774733860
0.903279729933906705
0.903287861891750921
0.903293421842959465
0.903296377077813184
0.903296679176314399
0.903294245424697051
0.903289095458241764
0.903281148313996862
0.903270420221866877
0.903256875594195874
0.903240515881342132
0.903221301028247048
0.903199293362361155
0.903174474486882262
0.903146863316924953
0.903116485156751359
0.903083402168301852
0.903047640024193465
0.903009292459165502
0.902968361353088778
0.902924975742488312
0.902879198315427178
0.902831150337864208
0.902780911256037988
0.902728570251745466
0.902674325635376529
0.902618228687127044
0.902560461152197235
0.902501202759988685
0.902440541004749242
0.902378702300191793
0.902315838637767875
0.902252112339666734
0.902187750624926177
0.902122931596484157
0.902057842241089758
0.901992724136264301
0.901927754020356742
0.901863155652420700
0.901799186711760625
0.901735993085547305
0.901673851556370809
0.901612983737110296
0.901553606248394535
0.901495911164801877
0.901440195256323906
0.901386602983926477
0.901335395861458277
0.901286749423673927
0.901240885150081938
0.901198030662421767
0.901158369776856594
0.901122051756240050
0.901089300462353360
0.901060257665694087
0.901035086089999160
0.901013945517615267
0.900996949895797705
0.900984218201300702
0.900975878387861973
0.900972029409828234
0.900972717751489571
0.900978044823829261
0.900988038445279416
0.901002730361042281
0.901022154420368815
0.901046279955327711
0.901075109759105208
0.901108631191646858
0.901146748112588436
0.901189427259166287
0.901236576006637424
0.901288096082042411
0.901343868023457007
0.901403756944283652
0.901467629175027096
0.901535317953387483
0.901606631700840544
0.901681426642725881
0.901759428026068677
0.901840503688020712
0.901924424637319810
0.902010917550909008
0.902099757806989477
0.902190731390531409
0.902283589678504860
0.902378039618362160
0.902473850088368001
0.902570768473219931
0.902668527662201736
0.902766896067175639
0.902865592471669753
0.902964400127287736
0.903063055208616627
0.903161307067790187
0.903258964648807172
0.903355791004076036
0.903451571040530199
0.903546132235375610
0.903639286684630005
0.903730851938010504
0.903820699553499307
0.903908659925413915
0.903994630513903719
0.904078481395430900
0.904160181415822439
0.904239591749887328
0.904316703236940689
0.904391459478165460
0.904463838719622104
0.904533867145430048
0.904601515876656381
0.904666844626727751
0.904729883940387114
0.904790706710219661
0.904849370921882445
0.904905982866838543
0.904960612456480629
0.905013384820539835
0.905064416349024348
0.905113798914606082
0.905161699649320473
0.905208198153768406
0.905253477254106431
0.905297640123044256
0.905340817849082158
0.905383142261710350
0.905424724659429581
0.905465669873984913
0.905506122032581406
0.905546133425281008
0.905585777547026960
0.905625140674790052
0.905664269064965222
0.905703194603057482
0.905741922076531369
0.905780483800676217
0.905818842579360406
0.905856940503921293
0.905894738538311262
0.905932150935418234
0.905969090270429156
0.906005443321644566
0.906041049810588750
0.906075789046361657
0.906109472998819498
0.906141931626349151
0.906172973113992142
0.906202409943813847
0.906230019627396133
0.906255575775249955
0.906278888549392758
0.906299714682357260
0.906317862907837335
0.906333098984363983
0.906345273314596911
0.906354152662738111
0.906359595581278654
0.906361466981331354
0.906359605558898385
0.906353925475557709
0.906344350249135067
0.906330854111928708
0.906313422383719924
0.906292055527490259
0.906266840543026975
0.906237876377926521
0.906205282412059110
0.906169258298288205
0.906130007327681342
0.906087769538197141
0.906042877271722058
0.905995628658621266
0.905946381992643879
0.905895554422004090
0.905843526864912207
0.905790784314805641
0.905737788966160418
0.905684999833713533
0.905632930313781559
0.905582081381578807
0.905532933576155052
0.905486009901184774
0.905441767562936817
0.905400716706875608
0.905363277555061519
0.905329853641509752
0.905300874459549099
0.905276666240837025
0.905257520920297321
0.905243724311588394
0.905235475207174289
0.905232934847763349
0.905236188735056402
0.905245285045553127
0.905260188991858894
0.905280854579544103
0.905307077279238537
0.905338737262168958
0.905375538903743782
0.905417191800558796
0.905463339696957914
0.905513605818792700
0.905567547112732796
0.905624681351544170
0.905684558244487237
0.905746664794213951
0.905810498315059220
0.905875521357571989
0.905941237005911892
0.906007170121312377
0.906072801580957932
0.906137731544382929
0.906201534092346273
0.906263854441878292
0.906324341501046904
0.906382727900073681
0.906438800010697987
0.906492398079409512
0.906543425672307834
0.906591816789108718
0.906637561623660604
0.906680752031178705
0.906721468574139933
0.906759877045905549
0.906796158635708949
0.906830551445108934
0.906863262822274918
0.906894576912886774
0.906924758688502419
0.906954059064283502
0.906982749431249791
0.907011022536149847
0.907039111433172396
0.907067145235070260
0.907095244641118348
0.907123481986540470
0.907151823759081877
0.907180246420015490
0.907208597001331385
0.907236737477717492
0.907264392688486465
0.907291267361575726
0.907317015935324545
0.907341274141294951
0.907363582237347699
0.907383504988668488
0.907400610343709446
0.907414423196593933
0.907424557770779350
0.907430580929758590
0.907432186580587663
0.907429080005319966
0.907421075142777034
0.907408055919198486
0.907390023085387964
0.907367081211737037
0.907339428716311125
0.907307412712132333
0.907271456948856692
0.907232127023622992
0.907190083946597392
0.907146080722135539
0.907100931865732818
0.907055514730036316
0.907010747583000154
0.906967593325276544
0.906926953426592908
0.906889741410608630
0.906856809982847456
0.906828916373106142
0.906806725152759507
0.906790776537110155
0.906781486393228531
0.906779083352585613
0.906783668071119209
0.906795192862264510
0.906813388180177982
0.906837911160299104
0.906868203979481091
0.906903624857897106
0.906943423487191480
0.906986760669948766
0.907032748707566228
0.907080471087767681
0.907129072086957478
0.907177635914157343
0.907225404641087252
0.907271705254493965
0.907315926413943874
0.907357619235072632
0.907396516602685277
0.907432436728132674
0.907465388147987939
0.907495492363250444
0.907523013353689123
0.907548256749455606
0.907571700524512526
0.907593757900065246
0.907614923766159709
0.907635627201849648
0.907656241633520877
0.907677043670686690
0.907698193114610752
0.907719731920231254
0.907741479058006173
0.907763166123647158
0.907784374396402916
0.907804466786720443
0.907822783233623309
0.907838521123460196
0.907850918647381322
0.907859170036510621
0.907862567169844703
0.907860499999653681
0.907852545161007329
0.907838508968141444
0.907818417047256854
0.907792559944432975
0.907761561532638761
0.907726245419526401
0.907687770313032716
0.907647428206790563
0.907606682505080253
0.907567108192850025
0.907530280847615112
0.907497693745251244
0.907470727696259472
0.907450453337202756
0.907437734527525519
0.907433086557761559
0.907436625256053286
0.907448113971900727
0.907466933926915575
0.907492159092626149
0.907522621071602975
0.907556929560265457
0.907593660978961880
0.907631322256456374
0.907668589521190561
0.907704295574218611
0.907737510849922269
0.907767638533899746
0.907794384851683844
0.907817818294745171
0.907838267559211487
0.907856299513642995
0.907872630763494781
0.907887972679377597
0.907903067014042553
0.907918416767820036
0.907934339085602171
0.907950781255898121
0.907967389939183356
0.907983403877990591
0.907997852037315756
0.908009549563942864
0.908017172088692148
0.908019485613265398
0.908015477145771022
0.908004467744357946
0.907986228278579999
0.907961165282929916
0.907930205950713276
0.907894843628700654
0.907857134160188539
0.907819331807673269
0.907783935802557118
0.907753317272913196
0.907729537536470565
0.907714124574934278
0.907708000624824485
0.907711251216151593
0.907723298332874573
0.907742800230358360
0.907767897394782808
0.907796444260884128
0.907826208031747406
0.907855182315512987
0.907881718243695568
0.907904801698953157
0.907924088168424737
0.907939797919108060
0.907952727228168555
0.907963934188008581
0.907974539655057034
0.907985462977766167
0.907997088968254595
0.908009253099010039
0.908021034702858221
0.908031004898904648
0.908037299727085356
0.908037947218697794
0.908031365126058088
0.908016551744970202
0.907993543971185035
0.907963435538396868
0.907928482184638730
0.907891798090159075
0.907856945708820806
0.907827454478715601
0.907806311806308108
0.907795349670915019
0.907795142625197116
0.907804796941238723
0.907822119784636450
0.907844158276788660
0.907867674836763228
0.907889788313399282
0.907908487641525874
0.907922925582174800
0.907933407028473138
0.907941212896540617
0.907947897898810918
0.907954884282013763
0.907962723455078224
0.907970801770609959
0.907977369193569639
0.907979776356493962
0.907975330894047694
0.907961916314405482
0.907939038747843097
0.907908089003764629
0.907872420068384423
0.907836737746661071
0.907806176909123463
0.907785020445784241
0.907775696227838380
0.907778170650306193
0.907790035427703756
0.907807243015868570
0.907825256342282838
0.907840475968837879
0.907851070957965245
0.907857240080625405
0.907860762380489517
0.907863820972276914
0.907867744525707399
0.907871970651211280
0.907873984360815900
0.907870035256658880
0.907856713879352739
0.907832661624542681
0.907799769758528940
0.907763047227931663
0.907729396248085352
0.907705255694656099
0.907694312745767729
0.907696266531498375
0.907706963489981922
0.907720446216587429
0.907731315792812410
0.907737020484302159
0.907738226327314823
0.907737690604302427
0.907737799514389709
0.907738220167437215
0.907735557940361426
0.907724764704178289
0.907702273534053194
0.907669046836001692
0.907631257125831703
0.907598111849194256
0.907577444143175316
0.907571840052604939
0.907577404926320441
0.907586443916254981
0.907592014489941312
0.907591773208973884
0.907588022003329442
0.907584293273922982
0.907580965673878248
0.907573450252499025
0.907555295286140651
0.907524019162650575
0.907484945580720015
0.907449493813391683
0.907427998338442787
0.907422767602364067
0.907426813717826075
