0.999824441449749024
0.999405504767897801
0.998775576882269589
0.997805297125218815
0.996555263633004951
0.995112757977680840
0.993358256494227598
0.991294172516160255
0.989040143626156221
0.986511168058399668
0.983655470296696088
0.980600486989754883
0.977309433813702499
0.973688234435577060
0.969850069073812215
0.965813237897095833
0.961457381690219659
0.956860643110448383
0.952096425898301346
0.947041095507720865
0.941719485061474404
0.936248367440552287
0.930529416100487117
0.924526553436555654
0.918374794334789857
0.912025643689434951
0.905391720878494954
0.898595419370858517
0.891648337805335256
0.884435058557238918
0.877040360867448521
0.869530459660153743
0.861788534354195779
0.853848751642216075
0.845816316705099824
0.837596125693525040
0.829169237908790269
0.820659564814069431
0.812011813747198663
0.803159759134865481
0.794223158721735878
0.785197961652014165
0.775985534330678628
0.766678423182124869
0.757325139051081675
0.747817272555743484
0.738202773960387360
0.728571846942161816
0.718830893991961650
0.708977069677982130
0.699122444161603851
0.689207614425373594
0.679184410396156180
0.669164346323788406
0.659132635104562881
0.649009563267262335
0.638886043450030194
0.628793093917552670
0.618637832375593777
0.608475717306995678
0.598376242469995545
0.588253358436284013
0.578119463238185083
0.568067958589537181
0.558037534384069556
0.547999074588899182
0.538050943401724102
0.528168155793749206
0.518290250648268391
0.508502130519142281
0.498817994242061580
0.489161512684227584
0.479590301175822076
0.470152746941504995
0.460773169351605727
0.451474541370067706
0.442328819511162541
0.433275731154173449
0.424302823529090989
0.415491624266234039
0.406808339438913369
0.398210542731852024
0.389774161800606811
0.381497472971033202
0.373318893215522030
0.365295365548622408
0.357455966021123228
0.349733950077284972
0.342158412360091757
0.334781922318684533
0.327546141055814199
0.320449690635386641
0.313557372028967773
0.306829816259509836
0.300238222324887893
0.293847262326054848
0.287642663533516862
0.281575563049544730
0.275699059103315824
0.270025306808770627
0.264495647062698236
0.259142606415743604
0.254001371801772624
0.249014976018173351
0.244190256059588912
0.239577832498175020
0.235133159531685371
0.230837159657314717
0.226745473720153606
0.222833893955899975
0.219062023489863616
0.215479494141242039
0.212086025726016286
0.208828294340103859
0.205740358174762272
0.202844765857472187
0.200085597356785133
0.197474992337646038
0.195052934559329011
0.192771320458812290
0.190618184980668098
0.188642390413262501
0.186812341427582768
0.185094208269306948
0.183535578823017742
0.182126790404501943
0.180818491458429792
0.179647036144725158
0.178625868608410371
0.177699414383603677
0.176884960373906469
0.176215626183369167
0.175640164572840346
0.175152698927890427
0.174798592527311780
0.174540601426974390
0.174350232865938648
0.174275190616175968
0.174299030914178366
0.174375730199874374
0.174544978429825443
0.174813750235516985
0.175127043809376465
0.175507788413702792
0.175984361476614504
0.176503125858061688
0.177064792829076362
0.177712865062626318
0.178405279743612255
0.179119434995728077
0.179904574329367323
0.180738259140690832
0.181578252451964489
0.182468828988089415
0.183411312954730704
0.184351676964014333
0.185319436642890162
0.186338984792675966
0.187354838526426509
0.188375044766130623
0.189441669735942730
0.190508410775661829
0.191559543981895730
0.192645906880941797
0.193739260517730522
0.194802506258282770
0.195884668699305292
0.196980964717026419
0.198039638352271646
0.199097541577027914
0.200174248207840272
0.201213167189331160
0.202230899624376126
0.203267380588245672
0.204272271202514982
0.205237940028936028
0.206216400542871131
0.207173596566975038
0.208078717983902151
0.208985128432564005
0.209881711680988653
0.210720388676969378
0.211544961455432251
0.212369336915537193
0.213137455411942067
0.213874718063768926
0.214617284505867562
0.215311956906524854
0.215960479618655471
0.216614261301210836
0.217233448351034197
0.217795360799089954
0.218356625091963907
0.218898831018907003
0.219379072410231607
0.219847846532816443
0.220312184366584313
0.220717445552556152
0.221097744900802085
0.221484367955281203
0.221821981978602950
0.222121514153743482
0.222432288450854998
0.222709445808736084
0.222938723264309913
0.223177814578545908
0.223401240895600289
0.223572522487597208
0.223746597855958212
0.223922498205394505
0.224048736068717058
0.224166907743995947
0.224301090726287067
0.224394917834358720
0.224468496893169639
0.224566612677866123
0.224639373684028476
0.224681343951495971
0.224749410920391662
0.224810402137681858
0.224834495712533083
0.224879440934376146
0.224935656598663630
0.224955118318646730
0.224985085572217275
0.225041505935441671
0.225067944855928875
0.225092085282493776
0.225152275319106782
0.225194880538124004
0.225222847905150930
0.225289536055672007
0.225354665441665380
0.225395975079609512
0.225471592867466791
0.225562608696799921
0.225625921883332470
0.225713089175151455
0.225830521495754388
0.225922792954843382
0.226024696362954414
0.226166795328358122
0.226292429152152252
0.226412767669970039
0.226576410365993935
0.226736731786168821
0.226879219229823348
0.227060840053789625
0.227254048056225316
0.227421682005506970
0.227617914660920295
0.227839479506539794
0.228033825079349994
0.228241835841059171
0.228485062212469781
0.228705682056292381
0.228923300103950345
0.229180058792834346
0.229424041423495068
0.229649595265244116
0.229911188637665020
0.230172881178526967
0.230404775236587894
0.230662811833340864
0.230933994577978086
0.231169956770923196
0.231417059686980786
0.231687511139281987
0.231923900546501194
0.232153933694316972
0.232412371925000250
0.232643726299173847
0.232851694745667748
0.233086700063290270
0.233305635678372564
0.233487394427910139
0.233688272260324514
0.233885671752280699
0.234037522414694776
0.234195067752165670
0.234360509937150074
0.234478731827541448
0.234585835179214636
0.234708365777794303
0.234788681894228135
0.234840604699982330
0.234909765843267421
0.234947058157252753
0.234941269752615117
0.234948179180844097
0.234936556372149802
0.234872274815988907
0.234810498589437450
0.234743719263731859
0.234621363060936783
0.234487433731103784
0.234359550242484671
0.234180220925104654
0.233973851170868385
0.233779929700407452
