0.000000065264082192
0.000000075164363218
0.000000082483842047
0.000000088605768911
0.000000095737136641
0.000000100861546889
0.000000105641033724
0.000000110161397545
0.000000114480028156
0.000000118638087106
0.000000129068192556
0.000000128038802379
0.000000131960179052
0.000000135807946362
0.000000139593719594
0.000000143326876871
0.000000147015973969
0.000000150668043752
0.000000154288522925
0.000000159133321836
0.000000162763895572
0.000000166377489591
0.000000169977417312
0.000000173567044817
0.000000177149012529
0.000000180725600016
0.000000184299196439
0.000000188969173820
0.000000192585740557
0.000000196205734725
0.000000199830626033
0.000000203461581980
0.000000207100182415
0.000000210747712264
0.000000214404840885
0.000000215818977255
0.000000222783852916
0.000000226512986617
0.000000230256193430
0.000000234014812451
0.000000237789505122
0.000000241580458543
0.000000245388646903
0.000000247551840413
0.000000254026662816
0.000000257922355426
0.000000261838511951
0.000000265775489134
0.000000269733558161
0.000000273713353838
0.000000277715291044
0.000000280553048043
0.000000286727351142
0.000000290828189166
0.000000294953286377
0.000000299103259961
0.000000303278280778
0.000000307478337518
0.000000310906188630
0.000000315164538378
0.000000321179499177
0.000000325513271286
0.000000329874844480
0.000000334264092674
0.000000338680797573
0.000000342645414175
0.000000347129791259
0.000000353051266970
0.000000357610982233
0.000000362200609049
0.000000366820115244
0.000000371469372014
0.000000375931119922
0.000000380654727432
0.000000386578219653
0.000000391378863662
0.000000396210923454
0.000000401074703149
0.000000405955250439
0.000000410898103839
0.000000415873005489
0.000000421877923514
0.000000426932680856
0.000000432020162382
0.000000437140831754
0.000000442458838942
0.000000447662959922
0.000000453768827482
0.000000459054564013
0.000000464375096621
0.000000469729826493
0.000000475412240100
0.000000480852689165
0.000000487115026878
0.000000492640147941
0.000000498200881039
0.000000504176532418
0.000000509824703866
0.000000515508754812
0.000000521971845510
0.000000527744191685
0.000000533553371971
0.000000539856107274
0.000000545753299959
0.000000552401420401
0.000000558390117452
0.000000564416092825
0.000000570981167021
0.000000577096949710
0.000000583955787844
0.000000590164681816
0.000000596412404799
0.000000603230916466
0.000000609568563072
0.000000616657958914
0.000000623092138382
0.000000629565895380
0.000000636630246429
0.000000643193923287
0.000000650530162036
0.000000657193177338
0.000000663895957765
0.000000671202927451
0.000000677997071623
0.000000685590982249
0.000000692485921449
0.000000699421613792
0.000000706970799420
0.000000713998821999
0.000000721857592731
0.000000728988152394
0.000000736729693858
0.000000743953302702
0.000000752019731842
0.000000759347281197
0.000000767284007345
0.000000774705315873
0.000000782981082678
0.000000790507682934
0.000000798077254721
0.000000806264891039
0.000000813928942123
0.000000822478054794
0.000000830249045404
0.000000838641862963
0.000000846508998601
0.000000855267326324
0.000000863241923004
0.000000871845866843
0.000000879918283235
0.000000888884789638
0.000000897065251267
0.000000905886448386
0.000000914166538845
0.000000923340029259
0.000000931728570319
0.000000940773243918
0.000000949263559072
0.000000958642789009
0.000000967241688319
0.000000976516011163
0.000000986037312163
0.000000994802994849
0.000001004253582414
0.000001013124473528
0.000001022850445330
0.000001031830899614
0.000001041520360054
0.000001050608238041
0.000001060539086355
0.000001069737100302
0.000001079669645676
0.000001089744384983
0.000001099113932873
0.000001109230530800
0.000001118711134755
0.000001128993855607
0.000001138585952377
0.000001148950164303
0.000001159381785577
0.000001169148660168
0.000001179697946897
0.000001189579369943
0.000001200225530623
0.000001210958922690
0.000001221018250169
0.000001231821067777
0.000001242737678443
0.000001252975937135
0.000001263939627985
0.000001274293572057
0.000001285457144495
0.000001296586043820
0.000001307122093162
0.000001318466179297
0.000001329120132075
0.000001340484617940
0.000001352007099751
0.000001362845517800
0.000001374386102293
0.000001386084363289
0.000001397108663093
0.000001408830958730
0.000001420702751809
0.000001431913830004
0.000001443822884326
0.000001455866565577
0.000001467265631547
0.000001479365541998
0.000001491579378976
0.000001503168231919
0.000001515462842463
0.000001527844746326
0.000001540267371745
0.000001552118248304
0.000001564666599848
0.000001577289862900
0.000001589334250633
0.000001602048557541
0.000001614874383988
0.000001627112947648
0.000001639993254857
0.000001653023628600
0.000001666007059087
0.000001678502880348
0.000001691739324639
0.000001704888998586
0.000001718257241265
0.000001731022632502
0.000001744340442267
0.000001757913394389
0.000001770875129133
0.000001784362796387
0.000001798140108357
0.000001811736397153
0.000001825642187330
0.000001838937915721
0.000001852708882135
0.000001866814439045
0.000001880307645672
0.000001894931542856
0.000001908560221404
0.000001922625599634
0.000001937052099607
0.000001950879577153
0.000001965784266348
0.000001979746674051
0.000001994119924797
0.000002008855958018
0.000002023016151493
