0.000040188886768277
0.000160829898888881
0.000361297653325588
0.000642307950844462
0.001004218759597428
0.001446383807452128
0.001968670732515114
0.002571802269828030
0.003255900371749607
0.004020362787244035
0.004865230037642931
0.005791175390131144
0.006798193910994293
0.007885704799387360
0.009053865300115713
0.010303357806807030
0.011634032803574564
0.013045293220760219
0.014537486841764671
0.016111281939365046
0.017766300089301291
0.019502021362516192
0.021319030663918478
0.023217843320518888
0.025197875372807713
0.027258824267145643
0.029401418366682128
0.031625922467344615
0.033931684566482295
0.036318650915756076
0.038787553325614489
0.041338439265940885
0.043970694005468450
0.046684441311308437
0.049480365993950816
0.052358371148205733
0.055317880494946896
0.058359152870283357
0.061482850494226561
0.064688729315424021
0.067976235480561004
0.071345804987088632
0.074798056784424694
0.078332544242501301
0.081948805838891872
0.085647491303212572
0.089429066280043892
0.093292892346038728
0.097238724646652036
0.101267356772323125
0.105378998184686490
0.109572937981344723
0.113849200646480631
0.118208583940485362
0.122651051020946228
0.127175942678005471
0.131783491513465439
0.136474421856630140
0.141248532376677005
0.146105236802090588
0.151044912260306308
0.156068229810779141
0.161174840933155650
0.166364206013273036
0.171636881947956010
0.176993478610380534
0.182433435522643073
0.187956329073764999
0.193562947744851110
0.199253711723448357
0.205027853596777027
0.210885222084218282
0.216826751080510027
0.222852537663449146
0.228961766738653566
0.235154622826602544
0.241431994283005796
0.247793682594073583
0.254238992039915179
0.260768340797574383
0.267382474827868200
0.274081029433624446
0.280863440680480414
0.287730262483030463
0.294682143971681410
0.301718580579290130
0.308839092166733886
0.316044415365611120
0.323335095268582062
0.330710406845643512
0.338170048059145634
0.345714987887478342
0.353345499530351992
0.361060676897540955
0.368860581948714183
0.376746266207813152
0.384717599707900038
0.392773727760148739
0.400915096079180022
0.409142591549945644
0.417455784788847151
0.425854056190085595
0.434338049220683475
0.442908416473499711
0.451564621287486423
0.460306235399945640
0.469133977618772791
0.478048369701701781
0.487048780880460941
0.496134892876739619
0.505307576747683340
0.514567213163148129
0.523912978743728885
0.533344788317894003
0.542863698956423057
0.552469753281108811
0.562162027416668875
0.571940854499778273
0.581807256343630397
0.591760854355504295
0.601800913525420866
0.611928114727888772
0.622143184703052521
0.632445533102326651
0.642834752481364458
0.653311600460124930
0.663876530066563775
0.674528964973272527
0.685268677093995637
0.696096403537654451
0.707012506511377259
0.718016370906322643
0.729107837439018858
0.740287770701511527
0.751556409027902550
0.762912960662379458
0.774357507513371957
0.785891063749981300
0.797513510195738018
0.809224023553693272
0.821023103276615762
0.832911630315403939
0.844889109266871219
0.856955002257392739
0.869110055658659952
0.881354793378685164
0.893688645518747382
0.906111398858275074
0.918623735647904782
0.931225975603962808
0.943917662930813361
0.956698647357554832
0.969569555322845056
0.982530734288477148
0.995581657622744753
1.008722160854011118
1.021953066288475709
1.035274619859945400
1.048686053171745902
1.062187469938476569
1.075779863981351392
1.089463079085348562
1.103236344416848258
1.117100197615482626
1.131055436664429870
1.145101566517062741
1.159238152160031232
1.173465886269671632
1.187785212504501420
1.202195669309874315
1.216697067907597241
1.231289962420123896
1.245974726658365173
1.260751008342277713
1.275618537650058837
1.290577905888279364
1.305629606340534599
1.320773062665716147
1.336007990040297910
1.351335327431694378
1.366755374238078691
1.382267220905828431
1.397870993049881827
1.413567797833004569
1.429357403896291290
1.445238983153999124
1.461213152530260073
1.477280711186120143
1.493441119510073190
1.509693958483498966
1.526039911341933841
1.542479432948332896
1.559012099195822509
1.575637645578251478
1.592356606906415450
1.609169490344946940
1.626075889366424443
1.643075381900795273
1.660168708767115087
1.677356467265597395
1.694637852396560174
1.712012576232142758
1.729481824866744955
1.747045781052526170
1.764703340656227137
1.782454833690462870
1.800301457130631055
1.818242754461721233
1.836277920478827985
1.854407749337718903
1.872632949151979531
1.890952893529839640
1.909367258323083849
1.927876739234480663
1.946481756777364680
1.965181901201994430
1.983976872790236490
2.002867241842908541
2.021853594661513931
2.040935408330884382
2.060112220373179870
2.079384972117552799
2.098754210388772190
2.118218923275656085
2.137779007116204610
2.157435795212887975
2.177189206931053889
2.197038137212749653
2.216983199094835211
2.237025459233056957
2.257164276145457116
2.277399080207492599
2.297730725865983814
2.318159703747556755
2.338685476327523549
2.359307866767365258
2.380027437132262058
2.400844604804208249
2.421759084873225554
2.442770509119575273
2.463879443049493911
2.485086576534281111
2.506391310814752416
2.527793180089521030
2.549293273251947323
2.570892049040752525
2.592588424234564037
2.614382503067630648
2.636275594591019455
2.658267436841378561
