0.999979694123636409
0.999922986242634648
0.999832216000430374
0.999702432871399371
0.999533507610359084
0.999329963415247380
0.999090207429388255
0.998811315644464348
0.998495513478378283
0.998144246845473648
0.997755900531959061
0.997330111680084230
0.996867437440421278
0.996368634280961452
0.995834114636143242
0.995262256451295402
0.994652829523124615
0.994008976253825116
0.993329955016999833
0.992612133224636706
0.991858432140745760
0.991072174800297079
0.990248821300672044
0.989387151458719472
0.988492818844740717
0.987564935027373969
0.986598707642401651
0.985597362045423475
0.984564330107038144
0.983495773084410496
