0.999960466018861238
0.999886177607906212
0.999779003336097927
0.999636335398927156
0.999456927089251268
0.999243700090823195
0.998997321674298666
0.998714858590418531
0.998396332129319442
0.998044726657795866
0.997659633650293864
0.997238164806854566
0.996781594633797896
0.996292590363815012
0.995769640417968227
0.995210490828471350
0.994617413397117178
0.993992339565346938
0.993332927892382700
0.992637915116740932
0.991910190396096181
0.991150735703529739
0.990356766229502972
0.989528156614895904
0.988668080447981268
0.987776310054424789
0.986850147621247120
0.985890714132888535
0.984900874771073576
0.983879411213833044
