0.999960466018861238
0.999866801025784735
0.999737130206711844
0.999542679146448343
0.999273585196391423
0.998958526680148062
0.998600636255789653
0.998173997099295773
0.997679752427329647
0.997140573373977657
0.996554193070561367
0.995899853209663122
0.995180001561420724
0.994416342432055012
0.993605586803350649
0.992723896121122884
0.991778392779671059
0.990795260145820866
0.989761248442954988
0.988651123125230735
0.987485887062575896
0.986286881897726730
0.985027207985340936
0.983693349047365384
0.982315445614843408
0.980899115369601060
0.979415605523348276
0.977866719402084361
0.976278087501570635
0.974644349948544764
