0.999970575529431693
0.999896439398214265
0.999782668830700216
0.999612398158477689
0.999391479149862150
0.999131933481571810
0.998820726921140989
0.998455884098250035
0.998050312225124747
0.997596692563630927
0.997089263240479862
0.996539442025436872
0.995943325500896481
0.995293132878525832
0.994600144213634851
0.993863259344042071
0.993071051224435730
0.992234416716204271
0.991358179317710753
0.990426912238324020
0.989446633081665361
0.988430292600523841
0.987363320621239215
0.986242211106235223
0.985084422118973624
0.983882788617068016
0.982625458892086745
0.981327110953641335
0.979990001623209706
0.978599812554046045
