0.999970769811565630
0.999887979947378103
0.999754887270959403
0.999565733044104454
0.999319327661064793
0.999021238528448152
0.998670969827366029
0.998264152760724000
0.997801977806842655
0.997287900411684580
0.996720821775959998
0.996097966557715986
0.995420107156291367
0.994690362636152403
0.993908175781848202
0.993069925685555410
0.992176806198607597
0.991233421683441751
0.990237184401751014
0.989183845304649090
0.988077812842815928
0.986922619559933101
0.985712603791557229
0.984446389389913690
0.983130296203473142
0.981763914441797780
0.980341750078189245
0.978866191426788101
0.977341705340040390
0.975765405051573054
