0.992373110349951681
0.992429618687228565
0.992490100202129799
0.992554275701301503
0.992621868760086734
0.992692578413321369
0.992766108123320445
0.992842104332554931
0.992920216163400648
0.993000128895222378
0.993081467765659309
0.993163881523353664
0.993247019128372877
0.993330532326345494
0.993414042601950098
0.993497255523407619
0.993579825537118655
0.993661441910123289
0.993741818360516671
0.993820690623865466
0.993897764654335436
0.993972855668178723
0.994045752065795596
0.994116252417077351
0.994184242972958043
0.994249540573975743
0.994312106643022720
0.994371840347745839
0.994428757798093144
0.994482767004237433
0.994533966561706562
0.994582351850342050
0.994628011180600957
0.994671021588772297
0.994711498936543648
0.994749554807292657
0.994785351519524630
0.994819024876110181
0.994850726522885309
0.994880641808886579
0.994908905729088078
0.994935718147510473
0.994961219593268997
0.994985535349623196
0.995008819209813655
0.995031213016409288
0.995052784214048414
0.995073661924808839
0.995093852546062640
0.995113436979699229
0.995132427204181935
0.995150827719932241
0.995168554572172570
0.995185583393611184
0.995201842917705970
0.995217235633394370
0.995231619779266330
0.995244806817436767
0.995256756254210617
0.995267200575402855
0.995276020793114502
0.995283022117630867
0.995288048192082386
0.995290933834347968
0.995291516823870626
0.995289661583191987
0.995285266543501024
0.995278219800398212
0.995268470740887312
0.995256012175603000
0.995240841724837733
0.995223016416283968
0.995202641258444931
0.995179810923461416
0.995154769185500720
0.995127709164108976
0.995098911943689823
0.995068692886608708
0.995037361119795571
0.995005336659741779
0.994973020058097735
0.994940850730333337
0.994909245994287761
0.994878693582355034
0.994849636633612810
0.994822540167678460
0.994797805677398506
0.994775894524401294
0.994757145089462447
0.994741915675394717
0.994730478981648902
0.994723107761484870
0.994719985424707742
0.994721205039863499
0.994726857854808966
0.994736878873144881
0.994751226530370514
0.994769737763675943
0.994792150308164702
0.994818242304969513
0.994847656847178352
0.994879998974327440
0.994914832168544705
0.994951742036958242
0.994990201417535691
0.995029758874124703
0.995069883557756496
0.995110116304354642
0.995150026442962687
0.995189170815280688
0.995227176611700015
0.995263727349401606
0.995298521475352693
0.995331391020415124
0.995362168944564085
0.995390752454885952
0.995417171954152580
0.995441455413718090
0.995463663868517479
0.995484002154341852
0.995502580716361329
0.995519648775849975
0.995535402634915689
0.995550072131154207
0.995563834508821133
0.995576881019510584
0.995589361236795534
0.995601372032448584
0.995612965844926312
0.995624128550410381
0.995634800519571872
0.995644903165197381
0.995654191084347828
0.995662509861813372
0.995669622719933534
0.995675208348986596
0.995679037710427206
0.995680823221274602
0.995680359884511312
0.995677434218976698
0.995671916415879044
0.995663768757518608
0.995653031163668323
0.995639808004508575
0.995624328233437939
0.995606930000739188
0.995588048732586550
0.995568162972565118
0.995547882273405405
0.995527847180448289
0.995508647018306769
0.995490988642934505
0.995475531822481274
0.995462841497322559
0.995453391310589519
0.995447613526629804
0.995445775894851059
0.995447978667801214
0.995454258891450339
0.995464451585711285
0.995478258690766227
0.995495207291807405
0.995514821245775616
0.995536462803551347
0.995559443977041325
0.995583112435924455
0.995606851770060253
0.995630011498534362
0.995652079513226984
0.995672699894527002
0.995691600834534452
0.995708595963442078
0.995723741603108059
0.995737118136964527
0.995748913533387014
0.995759409790446859
0.995768895039859436
0.995777626410391359
0.995785819821377483
0.995793695452438343
0.995801257091493364
0.995808409731000377
0.995815001905361652
0.995820763850902901
0.995825302253322553
0.995828200623969595
0.995829101872057976
0.995827596594686559
0.995823456133919094
0.995816647199892935
0.995807210948466581
0.995795475989423973
0.995781958680942769
0.995767310978642795
0.995752432925035347
0.995738193296933471
0.995725564384770334
0.995715428368036837
0.995708517867386678
0.995705365940573350
0.995706230209110865
0.995711082638470746
0.995719615034570404
0.995731228961274417
0.995745127182985690
0.995760408972557021
0.995776187521664968
0.995791561993204510
0.995805845952681290
0.995818589428767997
0.995829585841645493
0.995838817021433731
0.995846555225322727
0.995853165369181781
0.995859051829310116
0.995864516320437376
0.995869724456404870
0.995874669719191474
0.995879087035579702
0.995882444298780367
0.995884227813905398
0.995883772283232327
0.995880667272909581
0.995874661808272110
0.995865926738211393
0.995855027666416759
0.995842836666662512
0.995830647822035897
0.995819730376855450
0.995811379907966088
0.995806580543800668
0.995805868408711548
0.995809293812869867
0.995816295979271682
0.995825861855169858
0.995836751926777342
0.995847768368979258
0.995857791790815128
0.995866231201454566
0.995872911275647366
0.995878038117799402
0.995882157775311749
0.995885746208978184
0.995889207024262646
0.995892424333972737
0.995894915052459195
0.995895902411417677
0.995894541954140067
0.995890120560364522
0.995882647719289804
0.995872651302269984
0.995861531319628068
0.995851003882926578
0.995842977438091692
0.995838791900267251
0.995839019591182706
0.995843257209385935
0.995850209984650792
0.995858189276252803
0.995865587838876021
0.995871324265446445
0.995875257158646887
0.995877871552862670
0.995879895517306157
0.995881839777828626
0.995883507457558603
0.995884025319496269
0.995882097204068284
0.995876831325322343
0.995868265342711445
0.995857734119954374
0.995847541629225619
0.995840209235746343
0.995837328228883045
0.995839025405950484
0.995843813052332605
0.995849395198707743
0.995853777770121185
0.995856222338026620
0.995857242794089936
0.995857801275961019
0.995858375424146791
0.995858173055287454
0.995855483485784232
0.995849081590764462
0.995839339142431945
0.995828722895247265
0.995820645983471864
0.995817377173948359
0.995818741140869435
0.995822293717676721
0.995825120809074482
0.995825868293172101
0.995825267801450531
0.995824566830181279
0.995823545677230082
0.995820254999206234
0.995812907357386146
0.995802253619467392
0.995792067217538879
