0.997189507748045600
0.997268745335645246
0.997351699679184578
0.997437947067211450
0.997527012906940569
0.997618503997261818
0.997711925263006227
0.997806826128797897
0.997902682462670443
0.997999112037558755
0.998095544815042368
0.998191603954895590
0.998286832535653090
0.998380736486860099
0.998472963718396223
0.998563097419965739
0.998650816807048147
0.998735724972008243
0.998817555879520924
0.998896044126938665
0.998970932974209469
0.999042077037649801
0.999109294858003261
0.999172477527717429
0.999231500595803457
0.999286431711375212
0.999337207215710066
0.999383891738630514
0.999426579476711985
0.999465371534677294
0.999500424221859252
0.999531917697602301
0.999560070083552299
0.999585087119780225
0.999607224845481812
0.999626741300968846
0.999643908473005549
0.999658998975941460
0.999672268008103382
0.999683998703197907
0.999694450044012028
0.999703872902829915
0.999712471707143946
0.999720415886210856
0.999727970480424166
0.999735200701868387
0.999742257913023180
0.999749212520425035
0.999756081732093960
0.999762900438728508
0.999769623214745606
0.999776181877035985
0.999782503285410407
0.999788411950161104
0.999793742223893056
0.999798340089486315
0.999801964236896823
0.999804393709343708
0.999805410119285476
0.999804747649067682
0.999802158862804546
0.999797442440123141
0.999790323219831745
0.999780655202742286
0.999768233975538601
0.999752978480822896
0.999734743893595956
0.999713499609183764
0.999689248292430888
0.999662064341440892
0.999632019880441702
0.999599334533628370
0.999564198067979692
0.999526902962217023
0.999487836566959276
0.999447387719631819
0.999405957335797623
0.999364080847666258
0.999322283027825664
0.999281085243401646
0.999241078891237366
0.999202827562918228
0.999166929575699747
0.999133923282346625
0.999104339981372713
0.999078658951508158
0.999057355977418404
0.999040837101272672
0.999029402721567483
0.999023275856593784
0.999022653185800302
0.999027614812646680
0.999038130842278327
0.999054113302348057
0.999075306415970421
0.999101460308630229
0.999132196305729692
0.999167056357522898
0.999205514233834191
0.999246982185137411
0.999290855040412151
0.999336432994865520
0.999383042459693005
0.999430038589945835
0.999476721151177139
0.999522479001405006
0.999566738570091373
0.999608940276448865
0.999648623728005781
0.999685415116669751
0.999719017696754975
0.999749233461480591
0.999776007181623960
0.999799275856676939
0.999819153157360363
0.999835808823951622
0.999849476601885168
0.999860490529847934
0.999869162286738500
0.999875907020002508
0.999881121973773657
0.999885187827458832
0.999888464238025576
0.999891286854871386
0.999893917781605968
0.999896573952854806
0.999899380137158955
0.999902353115903919
0.999905449091909926
0.999908561849955468
0.999911433874620670
0.999913822770981287
0.999915393894763582
0.999915776860217487
0.999914579732213316
0.999911449718476453
0.999906074572090575
0.999898164390780941
0.999887517975957540
0.999874067331606331
0.999857836948189083
0.999838976934215307
0.999817755899750304
0.999794636982824225
0.999770130619078823
0.999744893242216937
0.999719649386597187
0.999695169644514992
0.999672345066675239
0.999651911596709408
0.999634643582526627
0.999621203689026738
0.999612171182367226
0.999607919887226526
0.999608711224989510
0.999614558597605285
0.999625329649590277
0.999640617166920098
0.999659965297690745
0.999682579182947118
0.999707759046019162
0.999734525049617573
0.999762008335654317
0.999789249121564749
0.999815417670125273
0.999839762607979132
0.999861665518458564
0.999880684716200618
0.999896620407306869
0.999909401702561151
0.999919192903738430
0.999926290049850230
0.999931117318768492
0.999934215992900222
0.999936115448830432
0.999937348119963154
0.999938342896552701
0.999939450323736989
0.999940792963147418
0.999942441914753233
0.999944154830891274
0.999945658186374486
0.999946498909093040
0.999946089487078194
0.999943974215678266
0.999939661933419210
0.999932831943452061
0.999923314877816383
0.999911177641842341
0.999896798482512672
0.999880750568709731
0.999863868226253838
0.999847122533550015
0.999831578286407563
0.999818369278057006
0.999808435592464129
0.999802608591670139
0.999801319120252940
0.999804786133599355
0.999812821528018647
0.999824828236872687
0.999839892376216732
0.999857000692450204
0.999874898894523412
0.999892400299930428
0.999908433037898114
0.999922158979370534
0.999933101228468790
0.999941097776652965
0.999946327914537414
0.999949337799899141
0.999950716142175011
0.999951221362178178
0.999951494697633447
0.999951981669043088
0.999952792067202778
0.999953799031328305
0.999954535293009372
0.999954397121229688
0.999952632346522985
0.999948664624510486
0.999942163639715109
0.999933145922890620
0.999922107493731116
0.999910003052578045
0.999898080031029202
0.999887743632480452
0.999880312589535136
0.999876825147766879
0.999877802749945088
0.999883156176323507
0.999892193937603202
0.999903702087141077
0.999916163732362695
0.999928078179601276
0.999938160109076324
0.999945653859944494
0.999950374789101870
0.999952679867563754
0.999953363296079423
0.999953292027541463
0.999953272737040932
0.999953594963420289
0.999954118478442178
0.999954220568643914
0.999953016898334157
0.999949668798360558
0.999943827843251865
0.999935821586864004
0.999926611603549453
0.999917791526962918
0.999911140112440866
0.999908070705403773
0.999909313116818521
0.999914567861479031
0.999922618513852224
0.999931675441862011
0.999939891324878816
0.999945928457960376
0.999949264761053391
0.999950350415981348
0.999950192788271797
0.999949864936132027
0.999949850790777472
0.999949995633869770
0.999949354053674355
0.999946871346331534
0.999941976274320354
0.999935124976269352
0.999927809082832186
0.999922183543135445
0.999919991525442420
0.999921977485283997
0.999927307168194335
0.999934040411959546
0.999939936623712500
0.999943484168554830
0.999944555760813425
0.999944195429237626
0.999943670294049070
0.999943472827068303
0.999943028955284308
0.999941071728261077
0.999936791035654138
0.999930811874860992
0.999925227167980379
0.999922441811612939
0.999923645665207750
0.999927960454950249
0.999932900171679906
0.999936128486393794
0.999936887527132501
0.999936212488223841
0.999935528282999364
0.999935041068051977
0.999933572754213462
0.999929851536886849
0.999924593057496036
0.999920325510266106
0.999919490277400458
