0.901000357264542417
0.900968808633701657
0.900944887594156141
0.900928929851755544
0.900921200994520666
0.900921895495074398
0.900931185726349781
0.900949208314478001
0.900975960200396719
0.901011506129873019
0.901055743821976285
0.901108550228158500
0.901169791119140418
0.901239185064104387
0.901316485281251079
0.901401309292484187
0.901493311470315972
0.901592010554360557
0.901696951283743608
0.901807608114189585
0.901923414669945411
0.902043785808189891
0.902168094301567303
0.902295741048369737
0.902426067501719609
0.902558412064508597
0.902692150455875808
0.902826621023760545
0.902961202381844186
0.903095305092558975
0.903228324739831057
0.903359723753531574
0.903488966221825396
0.903615634870439721
0.903739265128872482
0.903859499229997643
0.903976004062421290
0.904088549869750513
0.904196920716782815
0.904301008580102317
0.904400670534658224
0.904495951648760843
0.904586841225169191
0.904673467823275956
0.904755940622801735
0.904834493101111748
0.904909300517588555
0.904980651940873182
0.905048851156557088
0.905114209331902453
0.905177060300457637
0.905237723761176727
0.905296523097158690
0.905353782292239395
0.905409804214358127
0.905464863180426516
0.905519189908361666
0.905572940520216751
0.905626300250849448
0.905679293215601922
0.905731996240362269
0.905784307522449761
0.905836157551477839
0.905887351105453931
0.905937649417699276
0.905986739438961242
0.906034240246441525
0.906079728163352249
0.906122734151913245
0.906162772041769204
0.906199287594075975
0.906231749843374734
0.906259586501100722
0.906282281969223669
0.906299331262877317
0.906310198333570183
0.906314571573330618
0.906312032124710676
0.906302364351609935
0.906285400368373573
0.906261095146697615
0.906229527268838320
0.906190859599724341
0.906145500187202968
0.906093851219834989
0.906036553629462338
0.905974321843478148
0.905908014174767628
0.905838606383084000
0.905767156760688752
0.905694822951453427
0.905622834105990759
0.905552408740225356
0.905484818659585300
0.905421379718199471
0.905363239899692807
0.905311612613184935
0.905267574866734814
0.905232036360858694
0.905205841981486903
0.905189659559626714
0.905183972374356771
0.905189014743711495
0.905204950490407723
0.905231592037783250
0.905268651996986029
0.905315613676590858
0.905371737141618005
0.905436188685454280
0.905507929857730764
0.905585803976896142
0.905668591783224231
0.905755032480733302
0.905843800918711195
0.905933631807927520
0.906023256232868501
0.906111571325338261
0.906197549693413040
0.906280300773829040
0.906359152124154854
0.906433523190368629
0.906503140440614197
0.906567844912458898
0.906627705070154000
0.906682966129979340
0.906734003789386955
0.906781349852822882
0.906825578341487581
0.906867411176834670
0.906907464651036110
0.906946386479160149
0.906984744548331334
0.907022988970868416
0.907061407968235756
0.907100091541481857
0.907138981684011192
0.907177715646416138
0.907215789631464209
0.907252515471449139
0.907286938365211793
0.907318046589973504
0.907344732921833486
0.907365848879698844
0.907380293532511262
0.907387053036182056
0.907385311844405407
0.907374495291466188
0.907354343466326263
0.907324928737234582
0.907286700754735720
0.907240525927787145
0.907187676964705147
0.907129728651777212
0.907068669768128943
0.907006644712737176
0.906945960518311667
0.906889011420572766
0.906838129010003491
0.906795421890076558
0.906762748839536337
0.906741606901128705
0.906732930212864829
0.906737244617284888
0.906754422684449612
0.906783820253301620
0.906824300259894689
0.906874188918916802
0.906931574238472704
0.906994228759660959
0.907059865394883147
0.907126245841293977
0.907191315173550339
0.907253342410120567
0.907310972698711748
0.907363371304961253
0.907410243582485232
0.907451722043075115
0.907488410274626567
0.907521249273562591
0.907551346399003034
0.907579898086592451
0.907607989243368052
0.907636405738744823
0.907665532670471675
0.907695262349679011
0.907724957697259027
0.907753424945912490
0.907779040568697071
0.907799893330943797
0.907813929609572967
0.907819253980323260
0.907814349165654844
0.907798249577711047
0.907770856358164346
0.907732918806042011
0.907686222025317568
0.907633402324225402
0.907577859163725020
0.907523416830241736
0.907474039034638857
0.907433519686298706
0.907404923350922599
0.907390493072331328
0.907391201863411045
0.907406801503965132
0.907435732972352804
0.907475470696932685
0.907522637214967731
0.907573537186122214
0.907624609471637034
0.907672793531923539
0.907715914057098727
0.907752860283596252
0.907783675934608736
0.907809375425265408
0.907831610636392838
0.907852318006409087
0.907873095701984156
0.907894906889151865
0.907917601687749598
0.907939864822094433
0.907959324167839643
0.907972879061297089
0.907977294970621185
0.907969909431582289
0.907949213087171025
0.907915593086006334
0.907871313211004449
0.907820633868596016
0.907769204832569954
0.907723175078517519
0.907688270873561964
0.907668751532227258
0.907666657687528078
0.907681320018501214
0.907709709722013480
0.907746999639175045
0.907787555130826318
0.907826258755862425
0.907859442433787689
0.907885606880495355
0.907905405626556306
0.907921113788233924
0.907935565503589559
0.907950890851120018
0.907967485547475417
0.907983419928880431
0.907994757562815002
0.907996608685356033
0.907984836759509806
0.907957636433006199
0.907916798312208506
0.907867905938782638
0.907819280223546743
0.907779934166600078
0.907757043501777439
0.907753938962529650
0.907769046450018768
0.907796560634190564
0.907828567728379054
0.907857705600528364
0.907879633253691254
0.907894058052185593
0.907903924466437973
0.907913227805710155
0.907923999690965045
0.907934604343149432
0.907939563191757393
0.907932025092187400
0.907907374686018120
0.907866679090863382
0.907817662711470463
0.907772509195467592
0.907743076288945239
0.907735589497381423
0.907748099702371136
0.907771589208370977
0.907795024558929908
0.907811005199622878
0.907818845905362659
0.907823047439318187
0.907828212717271543
0.907833727529225198
0.907832581307720599
0.907815561834762086
0.907779106900840627
0.907730213517496609
0.907684808245965757
0.907658494940611127
0.907656875504652350
0.907672074662949413
0.907689394520127424
0.907698439607905527
0.907699398711172445
0.907698974965416072
0.907699648116255475
0.907693695836412129
0.907669326098926699
0.907624567569493612
0.907574344269047262
