0.999981560523089175
0.999928423932578303
0.999842393848724642
0.999720865891984167
0.999562659358155692
0.999370630991740838
0.999145467359338624
0.998884279780832940
0.998587021981247602
0.998256706862484355
0.997892920777751269
0.997492846434520186
0.997057634910365476
0.996590073757866457
0.996088553387938558
0.995550895379273548
0.994979272036487505
0.994375729450839962
0.993737867072694181
0.993064418218735701
0.992358283272747888
0.991620423701750298
0.990848069525100517
0.990041105229867879
0.989202659156430131
0.988332543955451559
0.987428051318535838
0.986490261817536629
0.985522043807938952
0.984522147852349816
