0.999934217917646029
0.999834692963069926
0.999703269470459954
0.999537242795717984
0.999335388232388877
0.999100591807279392
0.998833454370788187
0.998530981430825304
0.998193162003099932
0.997823078020242504
0.997420067943549205
0.996981310534101328
0.996508058214903181
0.996003024474603316
0.995464412860197378
0.994890059205707833
0.994282320496946093
0.993642976802993405
0.992969526963873528
0.992260827787634136
0.991519830449784867
0.990747247465472491
0.989940200718433250
0.989098798347440411
0.988226162723006674
0.987321749659664460
0.986382920784916850
0.985410926952117960
0.984408595513518003
0.983374310330704660
