0.999949418255931866
0.999823221011331698
0.999630001986627881
0.999338900822220100
0.998962148761632363
0.998521401009448750
0.997990400589095494
0.997366983886681213
0.996677622447237122
0.995905635772780795
0.995038430490111980
0.994101969752044679
0.993088911708789768
0.991979549927463733
0.990797493769432380
0.989545027966756252
0.988196087642024601
0.986769114711518625
0.985278507776417900
0.983694694803641800
0.982024628989091708
0.980295358211883516
0.978481437208460925
0.976573451260614789
0.974604681217692947
0.972562934984060767
0.970424419601883859
0.968218068046533209
0.965948634262532857
0.963585992970461214
