0.999951739165984899
0.999817467534357296
0.999603756905475538
0.999299072422211720
0.998902733718128322
0.998425988429326616
0.997866653195409681
0.997217981620820870
0.996483979064713088
0.995669275131428222
0.994772461965476529
0.993791306455914403
0.992725871740203436
0.991580876277222689
0.990358573466224468
0.989052603245439088
0.987663081487706762
0.986200280912874483
0.984661742171584753
0.983037869512006113
0.981336950087662641
0.979567525941106299
0.977719331509230738
0.975789501109425750
0.973790479121211305
0.971721756680909543
0.969574357641142970
0.967353211648154687
0.965065199307912236
0.962706415270742855
