0.999934217917646029
0.999786392502818977
0.999581410830383321
0.999259627883284485
0.998824762377641284
0.998324922509687962
0.997734119129995101
0.997026788108792195
0.996231112649080153
0.995348246527401948
0.994363378015706512
0.993285280383088165
0.992105845965725819
0.990823522390600453
0.989461747440012473
0.987999576795796086
0.986413773541276351
0.984748708912679627
0.983007936206406141
0.981134822310925636
0.979155312620000218
0.977118015383686256
0.974971074021184103
0.972691081822659065
0.970339647459610877
0.967909220701782869
0.965349111161164730
0.962690017451150126
0.959958047673312831
0.957118807221868706
