0.000001801286100952
0.000001805102458962
0.000001811427265246
0.000001819931367373
0.000001830695028389
0.000001843387936801
0.000001857340998240
0.000001873115958677
0.000001890164910862
0.000001908308338246
0.000001927395425272
0.000001948094986810
0.000001968774383758
0.000001990081649709
0.000002011952056911
0.000002034333708211
0.000002058180741874
0.000002081495847173
0.000002105216191319
0.000002130392965044
0.000002154889066207
0.000002179737019369
0.000002206054255852
0.000002231596316870
0.000002258618648707
0.000002284823849451
0.000002312519840060
0.000002339368664773
0.000002367722737185
0.000002395201559386
0.000002424199550088
0.000002453519392625
0.000002481941153582
0.000002511895680592
0.000002540936750593
0.000002571527455181
0.000002602434481914
0.000002633659184407
0.000002663954532612
0.000002695815794809
0.000002727995927728
0.000002760496572801
0.000002792053532492
0.000002825195714749
0.000002858661266239
0.000002892450325010
0.000002926563714829
0.000002961004154939
0.000002995772171734
0.000003030867445955
0.000003065005679951
0.000003100761503139
0.000003136848441539
0.000003173268011697
0.000003211318946037
0.000003248412838583
0.000003285842992111
0.000003323612207638
0.000003361721778665
0.000003400171972182
0.000003438964908080
0.000003478101949578
0.000003517583845998
0.000003558727530091
0.000003598912197337
0.000003639448078455
0.000003680339989003
0.000003722924332631
0.000003764555786208
0.000003807927151089
0.000003850357121339
0.000003893212368653
0.000003937964094982
0.000003983504350765
0.000004031848910776
0.000004097359451223
0.000004145849593756
0.000004193801077466
0.000004237382678829
0.000004281284471547
0.000004325506129907
0.000004366250219531
0.000004410750913985
0.000004455561708315
0.000004500681616730
0.000004546113940008
0.000004591859892069
0.000004637917807294
0.000004684288594276
0.000004730975029584
0.000004777978551350
0.000004825299278824
0.000004872937555303
0.000004920896511288
0.000004969179672515
0.000005017785826222
0.000005066714936520
0.000005115973251615
0.000005165562804426
0.000005215479796953
