0.975334448271306109
0.975327867799834380
0.975326542492402138
0.975330528686396803
0.975339844617112761
0.975354552346536563
0.975374673315950957
0.975400215939390081
0.975431215766698112
0.975467692048308188
0.975509615832725108
0.975557026866511467
0.975609913351664582
0.975668246169367759
0.975732039297649623
0.975801270408319432
0.975875927365151608
0.975955963609507648
0.976041318299422866
0.976131992167651785
0.976227935877445829
0.976329064122660850
0.976435359997281593
0.976546743715656085
0.976663139797643520
0.976784509618373153
0.976910734800966685
0.977041749106520641
0.977177458517946240
0.977317761845820643
0.977462611710337104
0.977611853559257171
0.977765407386666396
0.977923126517139862
0.978084936197496146
0.978250677992579254
0.978420253775449278
0.978593529998105782
0.978770374165953250
0.978950639276966461
0.979134183730839158
0.979320897163216797
0.979510594580859428
0.979703124085852028
0.979898391724083773
0.980096177914231426
0.980296371370923625
0.980498760063587160
0.980703211765028393
0.980909576119042281
0.981117697363431240
0.981327389933248417
0.981538457551302423
0.981750805129164017
0.981964214522537904
0.982178524018740617
0.982393583151724203
0.982609235091463029
0.982825254278545279
0.983041544314643856
0.983257906703869478
0.983474179387524905
0.983690207727584198
0.983905837907408154
0.984120895983075616
0.984335240908555287
0.984548723580917495
0.984761171856373907
0.984972447237693394
0.985182430907572404
0.985390969103083769
0.985597891108368707
0.985803136759042298
0.986006510831927918
0.986207935537238956
0.986407267419052269
0.986604420801265425
0.986799229262613875
0.986991637505751029
0.987181540804345947
0.987368828056541692
0.987553427712000498
0.987735253129043089
0.987914220996190418
0.988090283466048547
0.988263338999621821
0.988433337890523900
0.988600250911982226
0.988764016833555526
0.988924588937920457
0.989081937718412130
0.989236008465261940
0.989386802836205170
0.989534324689643974
0.989678526612798981
0.989819394409656272
0.989956971171795819
0.990091205355913329
0.990222153594049304
0.990349819779736018
0.990474198781374882
0.990595354071103995
0.990713287463582004
0.990828061259774961
0.990939682027775048
0.991048218576139228
0.991153710439290458
0.991256180509172302
0.991355750940057345
0.991452387211106179
0.991546214201596166
0.991637293506289930
0.991725664124233131
0.991811401492084133
0.991894591102293388
0.991975274799300144
0.992053551380184806
0.992129472248077793
0.992203094229076932
0.992274537635553178
0.992343850446215536
0.992411070264825446
0.992476304560094835
0.992539631992684690
0.992601108658536790
0.992660767652154274
0.992718734655937962
0.992775038994405334
0.992829723334971992
0.992882871151100854
0.992934521384999602
0.992984736616997488
0.993033557144829104
0.993081029171331231
0.993127179292718987
0.993172073299992908
0.993215714443320796
0.993258143993554166
0.993299380792036279
0.993339415763923705
0.993378312209611702
0.993416051548088763
0.993452653981106604
0.993488108846676377
0.993522423882281847
0.993555561743674542
0.993587543891633729
0.993618341345115175
0.993647937368592138
0.993676329779504264
0.993703446219951214
0.993729302794050806
0.993753816232319620
0.993776998365485720
0.993798792005572751
0.993819155452353664
0.993838044772669904
0.993855423892795131
0.993871260511186794
0.993885469870070870
0.993898058586138888
0.993908952790961031
0.993918115352387721
0.993925520355392056
0.993931065091699151
0.993934779883124286
0.993936598203673416
0.993936491536521527
0.993934424642173964
0.993930388736016246
0.993924334061633163
0.993916267549923238
0.993906138700184516
0.993893963316729523
0.993879756740039033
0.993863501511515368
0.993845224875213651
0.993824928859671775
0.993802639987048098
0.993778404772520330
0.993752239624066114
0.993724188275520004
0.993694340723081049
0.993662725610809594
0.993629447871784643
0.993594530993103131
0.993558120546149670
0.993520276936201485
0.993481092178338465
0.993440697917524984
0.993399230724377191
0.993356771108430570
0.993313457605602967
0.993269419003988574
0.993224847343387895
0.993179849037144180
0.993134601444616627
0.993089220044607424
0.993043890094487236
0.992998791158447136
0.992954085064910785
0.992909935742005034
0.992866501461969087
0.992823960550433648
0.992782505285415340
0.992742280144508937
0.992703455024872228
0.992666204049113987
0.992630710539989192
0.992597075081909308
0.992565492866288701
0.992536133711097612
0.992509087410872404
0.992484504900606801
0.992462492695414200
0.992443234172324162
0.992426752152625657
0.992413184978958252
0.992402637628648110
0.992395146445956167
0.992390790797858857
0.992389606009442482
0.992391667062240357
0.992396970045393845
0.992405525194449356
0.992417366243428467
0.992432448564621983
0.992450738362514517
0.992472195618917086
0.992496808537018715
0.992524463363939735
0.992555092635313163
0.992588628613411239
0.992624938245964539
0.992663943157412798
0.992705475580393348
0.992749447703934029
0.992795682285224634
0.992844062856222065
0.992894378684355150
0.992946524183209833
0.993000296938347238
0.993055548427541956
0.993112078227547324
0.993169706659621898
0.993228272568102311
0.993287581953832044
0.993347480822623363
0.993407768343095965
0.993468295049756422
0.993528842191512163
0.993589324472890167
0.993649520407754672
0.993709307373628059
0.993768550765966041
0.993827103649874588
0.993884860342023502
0.993941702104853220
0.993997520497129861
0.994052213712994348
0.994105701466008962
0.994157979731786434
0.994208867581690803
0.994258440398892995
0.994306587857732183
0.994353281642728404
0.994398564044433164
0.994442405611173474
0.994484786440870461
0.994525741502495619
0.994565285098331198
0.994603438055977507
0.994640231982459655
0.994675727199127446
0.994709919253747410
0.994742896206839311
0.994774682605992444
0.994805368250076594
0.994834908384151562
0.994863433457026658
0.994890916628804245
0.994917426570176233
0.994943004167291201
0.994967678147150481
0.994991438615152157
0.995014328417055061
0.995036333071524615
0.995057475585908402
0.995077735468353541
0.995097096224310862
0.995115526309100273
0.995133022432548864
0.995149525261525669
0.995165017393770279
0.995179434491757609
0.995192750884361765
0.995204886637677255
0.995215776968484400
0.995225404274120096
0.995233692893187194
0.995240596331804506
0.995246075147943721
0.995250046747006900
0.995252531284450570
0.995253457129056995
0.995252846283287584
0.995250657110215764
0.995246919347161252
0.995241652254239773
0.995234871808186816
0.995226592762698203
0.995216961810374223
0.995205972593218635
0.995193761167844082
0.995180428748286272
0.995166082015986442
0.995150892628384964
0.995134935712465807
0.995118410953863997
0.995101532407734024
0.995084391338857288
0.995067195893548639
0.995050171877783551
0.995033464752083652
0.995017278696558871
0.995001789789308089
0.994987180202624111
0.994973599817596033
0.994961259745131055
0.994950280606172854
0.994940781484992653
0.994932902910650729
0.994926743165320371
0.994922392398198907
0.994919888999899138
0.994919293943832939
0.994920607198485962
0.994923845480066404
0.994928985700567092
0.994935992171977035
0.994944780429747988
0.994955284319560818
0.994967392236660753
0.994981027273110663
0.994996048168627190
0.995012342286144658
0.995029732615123175
0.995048100330948593
0.995067315784823214
0.995087201429640800
0.995107632816753296
0.995128485472434821
0.995149668554789257
0.995170996804953578
0.995192393638035577
0.995213771935874014
0.995235057477746543
0.995256201739312396
0.995277108591183346
0.995297779817069572
0.995318170108551503
0.995338227835978140
0.995357986989667598
0.995377421988453914
0.995396552167896798
0.995415369448861553
0.995433829225691569
0.995451984437859094
0.995469776541345719
0.995487225637267104
0.995504251557591924
0.995520832833546532
0.995536937272686995
0.995552452856899306
0.995567345400850567
0.995581486024409656
0.995594793136161615
0.995607168888487770
0.995618508983132089
0.995628695748313253
0.995637637235335382
0.995645256921609989
0.995651448913063564
0.995656178839308570
0.995659415589366548
0.995661140884538720
0.995661379617443276
0.995660187208153302
0.995657640685788103
0.995653841343975721
0.995648918449125508
0.995643087869498844
0.995636468100745020
0.995629349219956716
0.995621882422492832
0.995614361231211054
0.995606956321287040
0.995599922366686374
0.995593465419241208
0.995587757186079503
0.995582969540777740
0.995579203726468465
0.995576549599284655
0.995575087383590129
0.995574815550463010
0.995575701763844134
0.995577667466040928
0.995580664095448431
0.995584533755049517
0.995589164338943511
0.995594410473746860
0.995600103910034839
0.995606128446918537
0.995612381718936623
0.995618691006023848
0.995625049081433788
0.995631403716862651
0.995637754186312618
0.995644124940247233
0.995650540741055967
0.995657147410859089
0.995664012824420852
0.995671218859231155
0.995678891069429084
0.995687150995910208
0.995696030261037257
0.995705535933740005
0.995715676261137772
0.995726369410029788
0.995737523310955885
0.995748884350594832
0.995760287011861922
0.995771468836596174
0.995782112239733674
0.995791914359482222
0.995800599873567727
0.995807923322861943
0.995813632219488265
0.995817621019299493
0.995819804537066422
0.995820235527380526
0.995819015556467457
0.995816385376414148
0.995812665231049277
0.995808147420311873
0.995803314529894679
0.995798565402418179
0.995794284464323609
0.995790841650847303
0.995788515776083516
0.995787538296840413
0.995787891101289402
0.995789583611942919
0.995792452758645807
0.995796188476853139
0.995800502683940492
0.995804969488898073
0.995809262188450006
0.995812945058275667
0.995815854755216612
0.995817811212674653
0.995818750939228448
0.995818865705265788
0.995818336816816418
0.995817561826716879
0.995816960583243871
0.995816988009130988
0.995818049767255076
0.995820462317889676
0.995824466750201531
0.995830036926671491
0.995836988234957365
0.995845001756736181
0.995853533081028530
0.995861937151105936
0.995869570760584577
0.995875787431167891
0.995880133785665866
0.995882281823541216
0.995882224766589053
0.995880157048191661
0.995876574235389445
0.995872147693589338
0.995867636053874516
0.995863874163539720
0.995861520291989932
0.995861062899186300
0.995862646564386611
0.995866105461088114
0.995870957985746985
0.995876433962093133
0.995881672438151511
0.995885860467763395
0.995888259421674804
0.995888494542477631
0.995886552583439832
0.995882836810088490
0.995878130470148504
0.995873412633576427
0.995869683651376514
0.995867875796357160
0.995868519189973878
0.995871698474836586
0.995876955573101519
0.995883403719922122
0.995889884152395322
0.995895174494467517
0.995898258381798795
0.995898610758346625
0.995896319495168436
0.995892087320153552
0.995887075612042261
0.995882744059756853
0.995880381321769259
0.995880742794669982
0.995883977767248241
0.995889349325422835
0.995895537919712859
0.995900818179234815
0.995903691357322263
0.995903168125413352
0.995899203778630393
0.995892654376814068
0.995885158292120765
0.995878690711639258
0.995874864088496792
0.995874554186017225
0.995877481715127355
0.995882324840492994
0.995887109238082657
0.995889872854781033
0.995889408753818484
0.995885759906075085
0.995880234047521573
0.995875070837185961
0.995872380651398270
0.995873475429665200
0.995878103743908727
0.995884413271346691
0.995889649375457431
0.995891240486710072
0.995887875931386723
0.995880304152680029
0.995870893866889206
0.995862894488150796
0.995858829251522359
0.995859245818247918
0.995862595080090340
0.995865829625823484
0.995866099848850106
0.995862370734561408
0.995856085355327991
0.995850509203852097
0.995848796965541294
0.995851984946517166
0.995857993466092606
0.995862674607491338
0.995862168115845492
0.995855280077271310
0.995844605288421669
0.995834888161731824
0.995830023333205694
0.995830415324425844
0.995832785010151600
0.995832566819289111
0.995827691550063454
0.995820394037449486
0.995815581128211336
0.995816643925714007
0.995821994641684860
0.995825796194595658
0.995822621098861771
0.995812308750561370
0.995800383163239378
0.995793318135811067
0.995792592126827247
0.995793386647855439
0.995789936846101509
0.995782021865719291
0.995775650566044557
0.995776099195406772
0.995780926108338904
0.995781580216388740
0.995772854773563809
0.995759432026458446
0.995750613171657806
0.995749017806957126
0.995747709375321199
0.995740623939805780
0.995731911220157806
0.995730087771612538
0.995733928484554331
0.995732221284306718
0.995719987610527379
0.995706615201312317
0.995701492079498540
0.995699400158002845
0.995691309054226092
0.995682129682718187
0.995681636393503378
