0.997189496217341098
0.997239900619063979
0.997291915738842683
0.997345392377216533
0.997400223559486543
0.997456341808517832
0.997513552857729691
0.997571806750485401
0.997630926296830034
0.997690848010438391
0.997751401899117374
0.997812492796998129
0.997873972616651561
0.997935728445515258
0.997997649569938639
0.998059565240445701
0.998121393135091850
0.998183024386163353
0.998244295725547737
0.998305131528422041
0.998365393020582581
0.998425012541182655
0.998483823237700241
0.998541767331060037
0.998598747141943965
0.998654649696290475
0.998709398226609646
0.998762918210760353
0.998815128435250443
0.998865971622313720
0.998915359514635059
0.998963278546210698
0.999009622428216004
0.999054401495453215
0.999097535714706608
0.999138994316162266
0.999178786327300505
0.999216893590038180
0.999253298349170427
0.999287977641920455
0.999320981239992134
0.999352267825201701
0.999381876623775867
0.999409833085915245
0.999436172991474026
0.999460928638700619
0.999484122321870450
0.999505815591731461
0.999526057302476789
0.999544910441332868
0.999562411220403901
0.999578646946961746
0.999593662495786184
0.999607529855011667
0.999620314080001182
0.999632087817293402
0.999642934138281980
0.999652909234106546
0.999662107386134369
0.999670569976039536
0.999678379201761724
0.999685620536999830
0.999692375002248612
0.999698626653949041
0.999704531601400936
0.999710075605120596
0.999715375236916337
0.999720436405219681
0.999725307159494703
0.999730032491912946
0.999734659320167030
0.999739216859612756
0.999743709352188370
0.999748174187385930
0.999752581393218098
0.999757005199083837
0.999761374544015480
0.999765712722193611
0.999770024981174066
0.999774240085037236
0.999778373767890582
0.999782393182578999
0.999786252866053271
0.999789888217025191
0.999793286060021602
0.999796380109779004
0.999799119470321185
0.999801444429483044
0.999803294496068751
0.999804586262385220
0.999805300438227129
0.999805343760217902
0.999804671684030311
0.999803187777768110
0.999800847665451076
0.999797594095687470
0.999793377180124732
0.999788118501089396
0.999781782879563208
0.999774352241118325
0.999765719740811631
0.999755933932548246
0.999744934828921350
0.999732667528004604
0.999719180700702093
0.999704443918284058
0.999688479191505386
0.999671309912475881
0.999652943775993785
0.999633446180424379
0.999612823942411133
0.999591148403368157
0.999568511165664031
0.999544979116425369
0.999520629009685080
0.999495574310073742
0.999469893610907878
0.999443745841503528
0.999417171820837114
0.999390404036926250
0.999363489917567627
0.999336617462870502
0.999309930807299684
0.999283570210403038
0.999257647055063036
0.999232370477155074
0.999207867312850273
0.999184298662640469
0.999161837004342690
0.999140576579847783
0.999120670126585231
0.999102278234060059
0.999085528822144187
0.999070521393258359
0.999057377695180882
0.999046190819101843
0.999037072824860539
0.999030064907908910
0.999025252691266852
0.999022675153793727
0.999022389545676792
0.999024393426684032
0.999028705974732367
0.999035275904200160
0.999044136742599287
0.999055198204274020
0.999068409299692983
0.999083700861824631
0.999100993523271752
0.999120193807089385
0.999141133462627451
0.999163736295675120
0.999187840303809582
0.999213288726993110
0.999239948368417119
0.999267617070304426
0.999296131929821363
0.999325355157963391
0.999355051530264493
0.999385074145331842
0.999415249258088334
0.999445372805091270
0.999475299604133505
0.999504837858443462
0.999533836284572819
0.999562143490248411
0.999589647067300691
0.999616182227605621
0.999641661399825576
0.999665963868386909
0.999689005951596599
0.999710755871298984
0.999731117435240457
0.999750048487975440
0.999767567068365892
0.999783619450715477
0.999798255049235918
0.999811497661463933
0.999823367442077116
0.999833949360442786
0.999843268173277844
0.999851448779699559
0.999858519196430318
0.999864626477803609
0.999869828348900813
0.999874255262088951
0.999878008829376386
0.999881166786429576
0.999883897197723526
0.999886207157973605
0.999888262214373769
0.999890123415573817
0.999891878662514055
0.999893568443049996
0.999895261712407835
0.999896978983458418
0.999898761000685754
0.999900635682750449
0.999902560964529119
0.999904557767358204
0.999906567289471360
0.999908530895613601
0.999910421756249668
0.999912165532617636
0.999913649618219158
0.999914820648178382
0.999915559373870111
0.999915783788091872
0.999915401647947344
0.999914266835063570
0.999912337615804891
0.999909491933483552
0.999905666123470982
0.999900791274506151
0.999894837614520915
0.999887705812770977
0.999879433819826136
0.999869986021503898
0.999859407718574400
0.999847745679504629
0.999835048970117879
0.999821402292891181
0.999806968975080701
0.999791804803506268
0.999776109692273263
0.999760050732069305
0.999743767184487209
0.999727533363866550
0.999711515528161065
0.999695924717581508
0.999680989104349216
0.999666911994266938
0.999653933422302132
0.999642203126718809
0.999631946400355575
0.999623316657664351
0.999616448764325094
0.999611499720977514
0.999608527264899127
0.999607627304093249
0.999608795534422390
0.999612067472913646
0.999617404176193824
0.999624697038831611
0.999633898844030866
0.999644867260943815
0.999657408270217096
0.999671352251057410
0.999686523528658277
0.999702656657681210
0.999719547905018158
0.999736938633088545
0.999754543791637973
0.999772188214144042
0.999789601729853428
0.999806543582096086
0.999822848042983381
0.999838316488496970
0.999852780007523312
0.999866137938288269
0.999878265383448372
0.999889141661816416
0.999898681967417380
0.999906955834508171
0.999913980102918099
0.999919775823467361
0.999924493408899773
0.999928228523003448
0.999931130826194337
0.999933272887560731
0.999934844407534773
0.999935985533994764
0.999936848592564043
0.999937541651936157
0.999938195179688294
0.999938854361499763
0.999939589050500177
0.999940456729091376
0.999941438898556467
0.999942521216529268
0.999943639156401720
0.999944718913223451
0.999945649649695567
0.999946271387729291
0.999946515075942788
0.999946190188015338
0.999945160406318756
0.999943322921069688
0.999940533278139476
0.999936737645413243
0.999931838297761333
0.999925830982618113
0.999918730260952349
0.999910605951204956
0.999901534287608973
0.999891726570053763
0.999881262983220109
0.999870493097706814
0.999859585881676671
0.999848856215917237
0.999838581515047009
0.999829046318934100
0.999820548615966809
0.999813309239437564
0.999807626048719866
0.999803656456959455
0.999801533911271245
0.999801342743941834
0.999803121796063121
0.999806825093936591
0.999812331350004468
0.999819499740692841
0.999828133645291550
0.999837928507681273
0.999848619754376222
0.999859875581969759
0.999871376253749666
0.999882806206077057
0.999893882752047047
0.999904264676773735
0.999913800298476874
0.999922287209438765
0.999929631485098502
0.999935751688299623
0.999940644417900648
0.999944413290775325
0.999947155441283542
0.999949024981022117
0.999950187748442354
0.999950808522958812
0.999951164033759832
0.999951331202762361
0.999951519214453688
0.999951784736117899
0.999952195661065191
0.999952770607583141
0.999953428496122232
0.999954044648035500
0.999954492425964458
0.999954606940022694
0.999954174300475507
0.999953032421963650
0.999950986688906696
0.999947954767329006
0.999943845352008864
0.999938690620983395
0.999932540847121687
0.999925589979657747
0.999918034649781684
0.999910205793951068
0.999902433065514296
0.999895116516599569
0.999888576191147127
0.999883215972786954
0.999879301706528723
0.999877096098293672
0.999876695450388153
0.999878199068264695
0.999881484422577627
0.999886389719343072
0.999892636841485660
0.999899878748637949
0.999907718072584273
0.999915755231337910
0.999923559583157040
0.999930807548839784
0.999937188524570142
0.999942530910923777
0.999946693292904643
0.999949691510346406
0.999951677645486869
0.999952800732820224
0.999953282438126423
0.999953342962303537
0.999953274887622978
0.999953234333772589
0.999953300113440746
0.999953558201646331
0.999953914194146809
0.999954219446731796
0.999954262500471369
0.999953793134001456
0.999952611435692251
0.999950498588024983
0.999947383223291575
0.999943202683576282
0.999938137208148281
0.999932442327335580
0.999926484252802172
0.999920680742606760
0.999915523131694073
0.999911444057899890
0.999908845111511235
0.999907955288896422
0.999908860325870563
0.999911487656865772
0.999915572464298963
0.999920747592955350
0.999926474592955139
0.999932283202607963
0.999937707773032924
0.999942322084830137
0.999945877356950841
0.999948332051409983
0.999949747263679689
0.999950309247887525
0.999950315322985617
0.999950108494473189
0.999949883021433394
0.999949782840745982
0.999949880688575821
0.999949979291191116
0.999949886385880005
0.999949263722549220
0.999947859022913832
0.999945457217136902
0.999942059928256244
0.999937828417837182
0.999933123702242965
0.999928432255054012
0.999924359662764828
0.999921406816424718
0.999920047317195193
0.999920403577327366
0.999922441644642279
0.999925794345580710
0.999929951744831236
0.999934308901411550
0.999938239383484473
0.999941338222247289
0.999943386016005520
0.999944342422956045
0.999944532313607470
0.999944234372151186
0.999943832439519786
0.999943579285158202
0.999943472654408527
0.999943353332542362
0.999942905238658586
0.999941770997360257
0.999939675818974916
0.999936625688990888
0.999932849004217861
0.999928883487251063
0.999925408281877370
0.999923099568225227
0.999922338964197355
0.999923279798914710
0.999925630399976617
0.999928762010088290
0.999931986269882445
0.999934632427057490
0.999936260232861085
0.999936861937760435
0.999936697062643209
0.999936190897268595
0.999935696808133323
0.999935379717475148
0.999935047099309582
0.999934392772018454
0.999932916190532817
0.999930484372290929
0.999927256349282922
0.999923813423592267
0.999920971422098459
0.999919441380721086
0.999919556861849523
0.999921124690911989
0.999923506608118351
0.999925795744251222
0.999927326208783218
0.999927825780525525
0.999927503045401678
0.999926815596937413
0.999926199883323874
0.999925721630575137
0.999925035317785982
0.999923721355674977
0.999921409004323025
0.999918378418969911
0.999915400708952462
0.999913378220915416
0.999912880997429254
0.999913879030310482
0.999915596705835852
0.999917082157710913
0.999917650070092812
0.999917273324921085
0.999916412406174571
0.999915631996273979
0.999914909625456039
0.999913877828761510
0.999911986199613190
0.999909252408799132
0.999906400265378581
0.999904477088292554
0.999904076631992766
0.999904939086690647
0.999906077295506290
0.999906430332162532
0.999905843904724478
0.999904779387855713
0.999903798735958471
0.999902781642698857
0.999901181627346092
0.999898667476744163
0.999895862442894523
0.999893869869210472
0.999893411516208919
0.999893960940228088
0.999894300843431005
0.999893701545379043
0.999892433123829805
0.999891184346095474
0.999889877255639159
0.999887897288079697
0.999885113324508801
0.999882548690559703
0.999881311611153234
0.999881269228126257
0.999881160737736363
0.999880100569381147
0.999878537084632479
0.999877042885760181
0.999875185424307755
0.999872492975497518
0.999869637289095947
0.999867987664271540
0.999867496116337739
0.999866772478914312
0.999865142563648668
0.999863256953112844
0.999861332101850908
0.999858619222769751
0.999855517521663129
0.999853503728111215
0.999852561088534597
0.999851186195219399
0.999849023778689561
0.999846811111760991
0.999844171981953966
0.999840791115637728
0.999838202039188051
0.999836710037588006
0.999834794646153990
0.999832221845805669
0.999829567330079660
0.999826188792935278
0.999822700883223781
0.999820443081409382
0.999818238511360313
0.999815283629222007
0.999812180143164531
0.999808337958289939
0.999804644630596373
0.999802035789602583
0.999798993667310842
0.999795455616932394
0.999791478016121116
0.999787110459410489
0.999783787916219135
0.999780250702630102
0.999776186530115574
0.999771608854133742
0.999766867337327114
0.999763054029675802
0.999758632678833581
0.999753852178274172
0.999748381927139662
0.999743692996310607
0.999738835148174076
0.999733465999246285
0.999727396199639684
0.999722026153268661
0.999716371966006490
0.999710167713776743
0.999703473183106928
0.999697437367239927
0.999690760317888838
0.999683395704654698
0.999676412604041276
0.999669117926008544
0.999661121013505571
0.999653126787533708
0.999645047782310003
0.999636156284820054
0.999627294755405571
0.999618147647807098
0.999608136681173765
0.999598365207811423
0.999587937175129060
0.999576854744057886
0.999565787637584191
0.999553688205608526
0.999541664943165986
0.999528701702709244
0.999515430084244483
0.999501441419901493
0.999486842270382203
0.999471615198510133
