62831853.071795865893363953
62737447.950319044291973114
62643042.828842222690582275
62548637.707365401089191437
62454232.585888579487800598
62359827.464411757886409760
62265422.342934936285018921
62171017.221458107233047485
62076612.099981285631656647
61982206.978504464030265808
61887801.857027642428874969
61793396.735550820827484131
61698991.614073999226093292
61604586.492597177624702454
61510181.371120356023311615
61415776.249643534421920776
61321371.128166712820529938
61226966.006689891219139099
61132560.885213069617748260
61038155.763736248016357422
60943750.642259426414966583
60849345.520782604813575745
60754940.399305783212184906
60660535.277828961610794067
60566130.156352140009403229
60471725.034875318408012390
60377319.913398496806621552
60282914.791921675205230713
60188509.670444853603839874
60094104.548968032002449036
59999699.427491210401058197
59905294.306014388799667358
59810889.184537567198276520
59716484.063060745596885681
59622078.941583923995494843
59527673.820107102394104004
59433268.698630280792713165
59338863.577153459191322327
59244458.455676637589931488
59150053.334199815988540649
59055648.212722986936569214
58961243.091246165335178375
58866837.969769343733787537
58772432.848292522132396698
58678027.726815700531005859
58583622.605338878929615021
58489217.483862057328224182
58394812.362385235726833344
58300407.240908414125442505
58206002.119431592524051666
58111596.997954770922660828
58017191.876477949321269989
57922786.755001127719879150
57828381.633524306118488312
57733976.512047484517097473
57639571.390570662915706635
57545166.269093841314315796
57450761.147617019712924957
57356356.026140198111534119
57261950.904663376510143280
57167545.783186554908752441
57073140.661709733307361603
56978735.540232911705970764
56884330.418756090104579926
56789925.297279268503189087
56695520.175802446901798248
56601115.054325625300407410
56506709.932848803699016571
56412304.811371982097625732
56317899.689895160496234894
56223494.568418338894844055
56129089.446941509842872620
56034684.325464688241481781
55940279.203987866640090942
55845874.082511045038700104
55751468.961034223437309265
55657063.839557401835918427
55562658.718080580234527588
55468253.596603758633136749
55373848.475126937031745911
55279443.353650115430355072
55185038.232173293828964233
55090633.110696472227573395
54996227.989219650626182556
54901822.867742829024791718
54807417.746266007423400879
54713012.624789185822010040
54618607.503312364220619202
54524202.381835542619228363
54429797.260358721017837524
54335392.138881899416446686
54240987.017405077815055847
54146581.895928256213665009
54052176.774451434612274170
53957771.652974613010883331
53863366.531497791409492493
53768961.410020969808101654
53674556.288544148206710815
53580151.167067326605319977
53485746.045590505003929138
53391340.924113683402538300
53296935.802636861801147461
53202530.681160040199756622
53108125.559683218598365784
53013720.438206389546394348
52919315.316729567945003510
52824910.195252746343612671
52730505.073775924742221832
52636099.952299103140830994
52541694.830822281539440155
52447289.709345459938049316
52352884.587868638336658478
52258479.466391816735267639
52164074.344914995133876801
52069669.223438173532485962
51975264.101961351931095123
51880858.980484530329704285
51786453.859007708728313446
51692048.737530887126922607
51597643.616054065525531769
51503238.494577243924140930
51408833.373100422322750092
51314428.251623600721359253
51220023.130146779119968414
51125618.008669957518577576
51031212.887193135917186737
50936807.765716314315795898
50842402.644239492714405060
50747997.522762671113014221
50653592.401285849511623383
50559187.279809027910232544
50464782.158332206308841705
50370377.036855384707450867
50275971.915378563106060028
50181566.793901741504669189
50087161.672424912452697754
49992756.550948090851306915
49898351.429471269249916077
49803946.307994447648525238
49709541.186517626047134399
49615136.065040804445743561
49520730.943563982844352722
49426325.822087161242961884
49331920.700610339641571045
49237515.579133518040180206
49143110.457656696438789368
49048705.336179874837398529
48954300.214703053236007690
48859895.093226231634616852
48765489.971749410033226013
48671084.850272588431835175
48576679.728795766830444336
48482274.607318945229053497
48387869.485842123627662659
48293464.364365302026271820
48199059.242888480424880981
48104654.121411658823490143
48010248.999934837222099304
47915843.878458015620708466
47821438.756981194019317627
47727033.635504372417926788
47632628.514027550816535950
47538223.392550729215145111
47443818.271073907613754272
47349413.149597086012363434
47255008.028120264410972595
47160602.906643442809581757
47066197.785166621208190918
46971792.663689792156219482
46877387.542212970554828644
46782982.420736148953437805
46688577.299259327352046967
46594172.177782505750656128
46499767.056305684149265289
46405361.934828862547874451
46310956.813352040946483612
46216551.691875219345092773
46122146.570398397743701935
46027741.448921576142311096
45933336.327444754540920258
45838931.205967932939529419
45744526.084491111338138580
45650120.963014289736747742
45555715.841537468135356903
45461310.720060646533966064
45366905.598583824932575226
45272500.477107003331184387
45178095.355630181729793549
45083690.234153360128402710
44989285.112676538527011871
44894879.991199716925621033
44800474.869722895324230194
44706069.748246073722839355
44611664.626769252121448517
44517259.505292430520057678
44422854.383815608918666840
44328449.262338787317276001
44234044.140861965715885162
44139639.019385144114494324
44045233.897908315062522888
43950828.776431493461132050
43856423.654954671859741211
43762018.533477850258350372
43667613.412001028656959534
43573208.290524207055568695
43478803.169047385454177856
43384398.047570563852787018
43289992.926093742251396179
43195587.804616920650005341
43101182.683140099048614502
43006777.561663277447223663
42912372.440186455845832825
42817967.318709634244441986
42723562.197232812643051147
42629157.075755991041660309
42534751.954279169440269470
42440346.832802347838878632
42345941.711325526237487793
42251536.589848704636096954
42157131.468371883034706116
42062726.346895061433315277
41968321.225418239831924438
41873916.103941418230533600
41779510.982464596629142761
41685105.860987775027751923
41590700.739510953426361084
41496295.618034131824970245
41401890.496557310223579407
41307485.375080488622188568
41213080.253603667020797729
41118675.132126845419406891
41024270.010650023818016052
40929864.889173194766044617
40835459.767696373164653778
40741054.646219551563262939
40646649.524742729961872101
40552244.403265908360481262
40457839.281789086759090424
40363434.160312265157699585
40269029.038835443556308746
40174623.917358621954917908
40080218.795881800353527069
39985813.674404978752136230
39891408.552928157150745392
39797003.431451335549354553
39702598.309974513947963715
39608193.188497692346572876
39513788.067020870745182037
39419382.945544049143791199
39324977.824067227542400360
39230572.702590405941009521
39136167.581113584339618683
39041762.459636762738227844
38947357.338159941136837006
38852952.216683119535446167
38758547.095206297934055328
38664141.973729476332664490
38569736.852252654731273651
38475331.730775833129882812
38380926.609299011528491974
38286521.487822189927101135
38192116.366345368325710297
38097711.244868546724319458
38003306.123391725122928619
37908901.001914903521537781
37814495.880438081920146942
37720090.758961260318756104
37625685.637484438717365265
37531280.516007617115974426
37436875.394530795514583588
37342470.273053973913192749
37248065.151577144861221313
37153660.030100323259830475
37059254.908623501658439636
36964849.787146680057048798
36870444.665669858455657959
36776039.544193036854267120
36681634.422716215252876282
36587229.301239393651485443
36492824.179762572050094604
36398419.058285750448703766
36304013.936808928847312927
36209608.815332107245922089
36115203.693855285644531250
36020798.572378464043140411
35926393.450901642441749573
35831988.329424820840358734
35737583.207947999238967896
35643178.086471177637577057
35548772.964994356036186218
35454367.843517534434795380
35359962.722040712833404541
35265557.600563891232013702
35171152.479087069630622864
35076747.357610248029232025
34982342.236133426427841187
34887937.114656604826450348
34793531.993179783225059509
34699126.871702961623668671
34604721.750226140022277832
34510316.628749318420886993
34415911.507272496819496155
34321506.385795675218105316
34227101.264318846166133881
34132696.142842024564743042
34038291.021365202963352203
33943885.899888381361961365
33849480.778411559760570526
33755075.656934738159179688
33660670.535457916557788849
33566265.413981094956398010
33471860.292504273355007172
33377455.171027451753616333
33283050.049550630152225494
33188644.928073808550834656
33094239.806596986949443817
32999834.685120165348052979
32905429.563643343746662140
32811024.442166522145271301
32716619.320689700543880463
32622214.199212875217199326
32527809.077736053615808487
32433403.956259232014417648
32338998.834782410413026810
32244593.713305588811635971
32150188.591828767210245132
32055783.470351945608854294
31961378.348875124007463455
31866973.227398302406072617
31772568.105921480804681778
31678162.984444659203290939
31583757.862967837601900101
31489352.741491016000509262
31394947.620014194399118423
31300542.498537372797727585
31206137.377060547471046448
31111732.255583725869655609
31017327.134106904268264771
30922922.012630082666873932
30828516.891153261065483093
30734111.769676439464092255
30639706.648199617862701416
30545301.526722796261310577
30450896.405245974659919739
30356491.283769153058528900
30262086.162292331457138062
30167681.040815509855747223
30073275.919338688254356384
29978870.797861866652965546
29884465.676385045051574707
29790060.554908223450183868
29695655.433431401848793030
29601250.311954576522111893
29506845.190477754920721054
29412440.069000933319330215
29318034.947524111717939377
29223629.826047290116548538
29129224.704570468515157700
29034819.583093646913766861
28940414.461616825312376022
28846009.340140003710985184
28751604.218663182109594345
28657199.097186360508203506
28562793.975709538906812668
28468388.854232717305421829
28373983.732755895704030991
28279578.611279074102640152
28185173.489802248775959015
28090768.368325427174568176
27996363.246848605573177338
27901958.125371783971786499
27807553.003894962370395660
27713147.882418140769004822
27618742.760941319167613983
27524337.639464497566223145
27429932.517987675964832306
27335527.396510854363441467
27241122.275034032762050629
27146717.153557211160659790
27052312.032080389559268951
26957906.910603567957878113
26863501.789126746356487274
26769096.667649924755096436
26674691.546173103153705597
26580286.424696277827024460
26485881.303219456225633621
26391476.181742634624242783
26297071.060265813022851944
26202665.938788991421461105
26108260.817312169820070267
26013855.695835348218679428
25919450.574358526617288589
25825045.452881705015897751
25730640.331404883414506912
25636235.209928061813116074
25541830.088451240211725235
25447424.966974418610334396
25353019.845497597008943558
25258614.724020775407552719
25164209.602543950080871582
25069804.481067128479480743
24975399.359590306878089905
24880994.238113485276699066
24786589.116636663675308228
24692183.995159842073917389
24597778.873683020472526550
24503373.752206198871135712
24408968.630729377269744873
24314563.509252555668354034
24220158.387775734066963196
24125753.266298912465572357
24031348.144822090864181519
23936943.023345269262790680
23842537.901868447661399841
23748132.780391626060009003
23653727.658914804458618164
23559322.537437979131937027
23464917.415961157530546188
23370512.294484335929155350
23276107.173007514327764511
23181702.051530692726373672
23087296.930053871124982834
22992891.808577049523591995
22898486.687100227922201157
22804081.565623406320810318
22709676.444146584719419479
22615271.322669763118028641
22520866.201192941516637802
22426461.079716119915246964
22332055.958239298313856125
22237650.836762476712465286
22143245.715285655111074448
22048840.593808833509683609
21954435.472332011908292770
21860030.350855190306901932
21765625.229378364980220795
21671220.107901543378829956
21576814.986424721777439117
21482409.864947900176048279
21388004.743471078574657440
21293599.621994256973266602
21199194.500517435371875763
21104789.379040613770484924
21010384.257563792169094086
20915979.136086970567703247
20821574.014610148966312408
20727168.893133327364921570
20632763.771656505763530731
20538358.650179684162139893
20443953.528702862560749054
20349548.407226040959358215
20255143.285749215632677078
20160738.164272394031286240
20066333.042795572429895401
19971927.921318750828504562
19877522.799841929227113724
19783117.678365107625722885
19688712.556888286024332047
19594307.435411464422941208
19499902.313934642821550369
19405497.192457821220159531
19311092.070980999618768692
19216686.949504178017377853
19122281.828027356415987015
19027876.706550534814596176
18933471.585073713213205338
18839066.463596891611814499
18744661.342120066285133362
18650256.220643244683742523
18555851.099166423082351685
18461445.977689601480960846
18367040.856212779879570007
18272635.734735958278179169
18178230.613259136676788330
18083825.491782315075397491
17989420.370305493474006653
17895015.248828671872615814
17800610.127351850271224976
17706205.005875028669834137
17611799.884398207068443298
17517394.762921385467052460
17422989.641444563865661621
17328584.519967742264270782
17234179.398490916937589645
17139774.277014095336198807
17045369.155537273734807968
16950964.034060452133417130
16856558.912583630532026291
16762153.791106808930635452
16667748.669629987329244614
16573343.548153165727853775
16478938.426676344126462936
16384533.305199522525072098
16290128.183722700923681259
16195723.062245879322290421
16101317.940769057720899582
16006912.819292236119508743
15912507.697815414518117905
15818102.576338592916727066
15723697.454861767590045929
15629292.333384945988655090
15534887.211908124387264252
15440482.090431302785873413
15346076.968954481184482574
15251671.847477659583091736
15157266.726000837981700897
15062861.604524016380310059
14968456.483047194778919220
14874051.361570373177528381
14779646.240093551576137543
14685241.118616729974746704
14590835.997139908373355865
14496430.875663086771965027
14402025.754186265170574188
14307620.632709441706538200
14213215.511232620105147362
14118810.389755798503756523
14024405.268278975039720535
13930000.146802153438329697
13835595.025325331836938858
13741189.903848510235548019
13646784.782371688634157181
13552379.660894867032766342
13457974.539418045431375504
13363569.417941223829984665
13269164.296464402228593826
13174759.174987580627202988
13080354.053510759025812149
12985948.932033937424421310
12891543.810557115823030472
12797138.689080292358994484
12702733.567603470757603645
12608328.446126649156212807
12513923.324649825692176819
12419518.203173004090785980
12325113.081696182489395142
12230707.960219360888004303
12136302.838742539286613464
12041897.717265717685222626
11947492.595788896083831787
11853087.474312074482440948
11758682.352835252881050110
11664277.231358431279659271
11569872.109881609678268433
11475466.988404788076877594
11381061.866927966475486755
11286656.745451143011450768
11192251.623974321410059929
11097846.502497499808669090
11003441.381020676344633102
10909036.259543854743242264
10814631.138067033141851425
10720226.016590211540460587
10625820.895113389939069748
10531415.773636568337678909
10437010.652159746736288071
10342605.530682925134897232
10248200.409206103533506393
10153795.287729281932115555
10059390.166252460330724716
9964985.044775638729333878
9870579.923298815265297890
9776174.801821993663907051
9681769.680345172062516212
9587364.558868350461125374
9492959.437391528859734535
9398554.315914705395698547
9304149.194437883794307709
9209744.072961062192916870
9115338.951484240591526031
9020933.830007418990135193
8926528.708530597388744354
8832123.587053775787353516
8737718.465576954185962677
8643313.344100132584571838
8548908.222623310983181000
8454503.101146489381790161
8360097.979669665917754173
8265692.858192844316363335
8171287.736716022714972496
8076882.615239201113581657
7982477.493762379512190819
7888072.372285556979477406
7793667.250808735378086567
7699262.129331913776695728
7604857.007855091243982315
7510451.886378269642591476
7416046.764901448041200638
7321641.643424626439809799
7227236.521947804838418961
7132831.400470982305705547
7038426.278994160704314709
6944021.157517339102923870
6849616.036040516570210457
6755210.914563694968819618
6660805.793086873367428780
6566400.671610051766037941
6471995.550133230164647102
6377590.428656407631933689
6283185.307179586030542850
