0.000000065740999761
0.000000065845181042
0.000000065949670946
0.000000066054470880
0.000000066159582255
0.000000066265006495
0.000000066370745029
0.000000066476799296
0.000000066583170744
0.000000066689860830
0.000000066796871019
0.000000066904202786
0.000000067011857614
0.000000067119836996
0.000000067228142433
0.000000067336775436
0.000000067445737526
0.000000067555030231
0.000000067664655092
0.000000067774613655
0.000000067884907481
0.000000067995538135
0.000000068106507196
0.000000068217816251
0.000000068329466897
0.000000068441460742
0.000000068553799401
0.000000068666484504
0.000000068779517686
0.000000068892900596
0.000000069006634892
0.000000069120722242
0.000000069235164326
0.000000069349962833
0.000000069465119464
0.000000069580635929
0.000000069696513951
0.000000069812755262
0.000000069929361607
0.000000070046334740
0.000000070163676429
0.000000070281388449
0.000000070399472591
0.000000070517930656
0.000000070636764454
0.000000070755975809
0.000000070875566558
0.000000070995538547
0.000000071115893636
0.000000071236633696
0.000000071357760610
0.000000071479276275
0.000000071601182598
0.000000071723481500
0.000000071846174914
0.000000071969264785
0.000000072092753072
0.000000072216641747
0.000000072340932793
0.000000072465628208
0.000000072590730003
0.000000072716240202
0.000000072842160840
0.000000072968493971
0.000000073095241657
0.000000073222405977
0.000000073349989023
0.000000073477992900
0.000000073606419730
0.000000073735271645
0.000000073864550795
0.000000073994259342
0.000000074124399464
0.000000074254973354
0.000000074385983218
0.000000074517431278
0.000000074649319771
0.000000074781650950
0.000000074914427082
0.000000075047650451
0.000000075181323353
0.000000075315448105
0.000000075450027036
0.000000075585062492
0.000000075720556835
0.000000075856512445
0.000000075992931715
0.000000076129817058
0.000000076267170901
0.000000076404995690
0.000000076543293887
0.000000076682067970
0.000000076821320436
0.000000076961053799
0.000000077101270589
0.000000077241973358
0.000000077383164670
0.000000077524847112
0.000000077667023286
0.000000077809695815
0.000000077952867338
0.000000078096540514
0.000000078240718021
0.000000078385402556
0.000000078530596835
0.000000078676303592
0.000000078822525583
0.000000078969265582
0.000000079116526384
0.000000079264310803
0.000000079412621674
0.000000079561461852
0.000000079710834214
0.000000079860741655
0.000000080011187093
0.000000080162173467
0.000000080313703738
0.000000080465780886
0.000000080618407916
0.000000080771587853
0.000000080925323745
0.000000081079618662
0.000000081234475695
0.000000081389897962
0.000000081545888600
0.000000081702450770
0.000000081859587658
0.000000082017302473
0.000000082175598447
0.000000082334478836
0.000000082493946922
0.000000082654006010
0.000000082814659431
0.000000082975910539
0.000000083137762715
0.000000083300219365
0.000000083463283921
0.000000083626959840
0.000000083791250606
0.000000083956159729
0.000000084121690747
0.000000084287847224
0.000000084454632750
0.000000084622050944
0.000000084790105452
0.000000084958799950
0.000000085128138139
0.000000085298123751
0.000000085468760545
0.000000085640052312
0.000000085812002869
0.000000085984616065
0.000000086157895778
0.000000086331845916
0.000000086506470418
0.000000086681773255
0.000000086857758426
0.000000087034429964
0.000000087211791935
0.000000087389848432
0.000000087568603587
0.000000087748061559
0.000000087928226543
0.000000088109102768
0.000000088290694494
0.000000088473006017
0.000000088656041667
0.000000088839805809
0.000000089024302842
0.000000089209537201
0.000000089395513358
0.000000089582235819
0.000000089769709128
0.000000089957937866
0.000000090146926650
0.000000090336680136
0.000000090527203017
0.000000090718500025
0.000000090910575930
0.000000091103435543
0.000000091297083712
0.000000091491525328
0.000000091686765320
0.000000091882808659
0.000000092079660356
0.000000092277325467
0.000000092475809086
0.000000092675116352
0.000000092875252446
0.000000093076222594
0.000000093278032064
0.000000093480686170
0.000000093684190269
0.000000093888549766
0.000000094093770109
0.000000094299856795
0.000000094506815365
0.000000094714651409
0.000000094923370566
0.000000095132978520
0.000000095343481007
0.000000095554883810
0.000000095767192764
0.000000095980413753
0.000000096194552712
0.000000096409615629
0.000000096625608542
0.000000096842537542
0.000000097060408776
0.000000097279228441
0.000000097499002791
0.000000097719738134
0.000000097941440834
0.000000098164117311
0.000000098387774041
0.000000098612417560
0.000000098838054459
0.000000099064691390
0.000000099292335064
0.000000099520992251
0.000000099750669783
0.000000099981374553
0.000000100213113517
0.000000100445893692
0.000000100679722160
0.000000100914606066
0.000000101150552623
0.000000101387569106
0.000000101625662858
0.000000101864841290
0.000000102105111881
0.000000102346482178
0.000000102588959797
0.000000102832552427
0.000000103077267825
0.000000103323113822
0.000000103570098323
0.000000103818229303
0.000000104067514816
0.000000104317962989
0.000000104569582024
0.000000104822380205
0.000000105076365889
0.000000105331547515
0.000000105587933602
0.000000105845532749
0.000000106104353637
0.000000106364405031
0.000000106625695780
0.000000106888234816
0.000000107152031159
0.000000107417093915
0.000000107683432279
0.000000107951055534
0.000000108219973053
0.000000108490194301
0.000000108761728837
0.000000109034586311
0.000000109308776469
0.000000109584309152
0.000000109861194299
0.000000110139441947
0.000000110419062232
0.000000110700065391
0.000000110982461763
0.000000111266261791
0.000000111551476022
0.000000111838115107
0.000000112126189807
0.000000112415710990
0.000000112706689635
0.000000112999136829
0.000000113293063777
0.000000113588481794
0.000000113885402312
0.000000114183836881
0.000000114483797166
0.000000114785294957
0.000000115088342163
0.000000115392950815
0.000000115699133072
0.000000116006901217
0.000000116316267662
0.000000116627244949
0.000000116939845750
0.000000117254082873
0.000000117569969257
0.000000117887517982
0.000000118206742264
0.000000118527655459
0.000000118850271067
0.000000119174602731
0.000000119500664240
0.000000119828469532
0.000000120158032694
0.000000120489367966
0.000000120822489741
0.000000121157412570
0.000000121494151159
0.000000121832720378
0.000000122173135259
0.000000122515410997
0.000000122859562955
0.000000123205606667
0.000000123553557838
0.000000123903432345
0.000000124255246246
0.000000124609015773
0.000000124964757345
0.000000125322487561
0.000000125682223208
0.000000126043981263
0.000000126407778894
0.000000126773633465
0.000000127141562537
0.000000127511583870
0.000000127883715431
0.000000128257975388
0.000000128634382122
0.000000129012954225
0.000000129393710504
0.000000129776669984
0.000000130161851912
0.000000130549275760
0.000000130938961227
0.000000131330928245
0.000000131725196980
0.000000132121787834
0.000000132520721455
0.000000132922018733
0.000000133325700809
0.000000133731789075
0.000000134140305181
0.000000134551271037
0.000000134964708817
0.000000135380640963
0.000000135799090191
0.000000136220079491
0.000000136643632137
0.000000137069771684
0.000000137498521980
0.000000137929907166
0.000000138363951679
0.000000138800680263
0.000000139240117967
0.000000139682290152
0.000000140127222500
0.000000140574941012
0.000000141025472018
0.000000141478842180
0.000000141935078499
0.000000142394208318
0.000000142856259330
0.000000143321259582
0.000000143789237481
0.000000144260221799
0.000000144734241682
0.000000145211326651
0.000000145691506613
0.000000146174811865
0.000000146661273100
0.000000147150921414
0.000000147643788313
0.000000148139905720
0.000000148639305980
0.000000149142021871
0.000000149648086605
0.000000150157533844
0.000000150670397697
0.000000151186712736
0.000000151706514002
0.000000152229837008
0.000000152756717756
0.000000153287192735
0.000000153821298939
0.000000154359073867
0.000000154900555541
0.000000155445782505
0.000000155994793843
0.000000156547629183
0.000000157104328707
0.000000157664933164
0.000000158229483877
0.000000158798022753
0.000000159370592296
0.000000159947235614
0.000000160527996433
0.000000161112919108
0.000000161702048631
0.000000162295430646
0.000000162893111459
0.000000163495138052
0.000000164101558091
0.000000164712419945
0.000000165327772692
0.000000165947666140
0.000000166572150831
0.000000167201278064
0.000000167835099903
0.000000168473669193
0.000000169117039575
0.000000169765265503
0.000000170418402254
0.000000171076505951
0.000000171739633572
0.000000172407842971
0.000000173081192894
0.000000173759742996
0.000000174443553857
0.000000175132687002
0.000000175827204921
0.000000176527171082
0.000000177232649959
0.000000177943707042
0.000000178660408868
0.000000179382823031
0.000000180111018211
0.000000180845064193
0.000000181585031890
0.000000182330993364
0.000000183083021852
0.000000183841191789
0.000000184605578832
0.000000185376259886
0.000000186153313128
0.000000186936818036
0.000000187726855417
0.000000188523507430
0.000000189326857618
0.000000190136990938
0.000000190953993789
0.000000191777954042
0.000000192608961075
0.000000193447105802
0.000000194292480707
0.000000195145179881
0.000000196005299053
0.000000196872935626
0.000000197748188716
0.000000198631159191
0.000000199521949705
0.000000200420664743
0.000000201327410656
0.000000202242295711
0.000000203165430125
0.000000204096926118
0.000000205036897951
0.000000205985461979
0.000000206942736695
0.000000207908842781
0.000000208883903157
0.000000209868043037
0.000000210861389979
0.000000211864073940
0.000000212876227338
0.000000213897985103
0.000000214929484743
0.000000215970866400
0.000000217022272921
0.000000218083849916
0.000000219155745830
0.000000220238112011
0.000000221331102780
0.000000222434875506
0.000000223549590680
0.000000224675411997
0.000000225812506430
0.000000226961044316
0.000000228121199443
0.000000229293149135
0.000000230477074340
0.000000231673159731
0.000000232881593794
0.000000234102568932
0.000000235336281565
0.000000236582932235
0.000000237842725719
0.000000239115871136
0.000000240402582064
0.000000241703076662
0.000000243017577791
0.000000244346313143
0.000000245689515371
0.000000247047422226
0.000000248420276696
0.000000249808327155
0.000000251211827506
0.000000252631037344
0.000000254066222109
0.000000255517653256
0.000000256985608425
0.000000258470371620
0.000000259972233386
0.000000261491491007
0.000000263028448698
0.000000264583417807
0.000000266156717028
0.000000267748672619
0.000000269359618624
0.000000270989897111
0.000000272639858414
0.000000274309861380
0.000000276000273635
0.000000277711471848
0.000000279443842018
0.000000281197779756
0.000000282973690595
0.000000284771990296
0.000000286593105175
0.000000288437472444
0.000000290305540553
0.000000292197769561
0.000000294114631510
0.000000296056610819
0.000000298024204693
0.000000300017923546
0.000000302038291444
0.000000304085846564
0.000000306161141671
0.000000308264744619
0.000000310397238864
0.000000312559224010
0.000000314751316366
0.000000316974149535
0.000000319228375024
0.000000321514662882
0.000000323833702360
0.000000326186202611
0.000000328572893407
0.000000330994525896
0.000000333451873394
0.000000335945732204
0.000000338476922477
0.000000341046289115
0.000000343654702709
0.000000346303060523
0.000000348992287523
0.000000351723337458
0.000000354497193982
0.000000357314871841
0.000000360177418110
0.000000363085913488
0.000000366041473661
0.000000369045250730
0.000000372098434707
0.000000375202255089
0.000000378357982507
0.000000381566930466
0.000000384830457160
0.000000388149967398
0.000000391526914614
0.000000394962802995
0.000000398459189711
0.000000402017687272
0.000000405639966006
0.000000409327756676
0.000000413082853236
0.000000416907115744
0.000000420802473433
0.000000424770927957
0.000000428814556823
0.000000432935517017
0.000000437136048843
0.000000441418479983
0.000000445785229800
0.000000450238813898
0.000000454781848954
0.000000459417057845
0.000000464147275093
0.000000468975452646
0.000000473904666020
0.000000478938120838
0.000000484079159777
0.000000489331269978
0.000000494698090932
0.000000500183422893
0.000000505791235853
0.000000511525679126
0.000000517391091588
0.000000523392012630
0.000000529533193872
0.000000535819611716
0.000000542256480795
0.000000548849268404
0.000000555603709987
0.000000562525825785
0.000000569621938729
0.000000576898693713
0.000000584363078345
0.000000592022445336
0.000000599884536654
0.000000607957509637
0.000000616249965223
0.000000624770978521
0.000000633530131944
0.000000642537551161
0.000000651803944147
0.000000661340643652
0.000000671159653447
0.000000681273698730
