0.999845268099786355
0.999421092729321114
0.998744850899682679
0.997774582697623980
0.996523876126471420
0.995025240411352319
0.993257413422470092
0.991217050779048314
0.988925152953650133
0.986376816154089564
0.983577477784621346
0.980536195205886529
0.977239738531828217
0.973705932070243363
0.969955693803299046
0.965960196499326518
0.961726211673938680
0.957297769237745788
0.952652723045087413
0.947770392716937415
0.942698280421802481
0.937442220355367728
0.931968884000679898
0.926304251651360100
0.920473686275196878
0.914457270086038276
0.908261621394528929
0.901906503180933128
0.895388429748351755
0.888717470164524292
0.881900885694664516
0.874931365528310967
0.867831579473437031
0.860614753995433301
0.853257822118313580
0.845779189791315833
0.838212655437977738
0.830533989874722156
0.822739217831231273
0.814871529514339943
0.806926161385543517
0.798882914939618494
0.790772338309507550
0.782608463755054995
0.774375746883664395
0.766087910563879260
0.757759244967132317
0.749386402471841517
0.740981562922139569
0.732549805637511153
