0.943702949032055427
0.943740678176219649
0.943782833026169277
0.943829270873256077
0.943879842826295890
0.943934393951484818
0.943992699627482112
0.944054539460003395
0.944119701906885100
0.944187904335646477
0.944258896437967010
0.944332402182625041
0.944408121157375269
0.944485786077689626
0.944565061199509115
0.944645667309707115
0.944727289461901765
0.944809650439646043
0.944892447056882800
0.944975389376952468
0.945058209269684202
0.945140646954514385
0.945222453569413812
0.945303389932454219
0.945383247080835987
0.945461845507679199
0.945539007032320855
0.945614569207418376
0.945688409136182240
0.945760434966198882
0.945830581068060505
0.945898724027747551
0.945964889278483989
0.946029050716469921
0.946091171301086109
0.946151312888666496
0.946209480845511153
0.946265731580240188
0.946320150953900541
0.946372765254334669
0.946423650860068744
0.946472884630933486
0.946520581464424859
0.946566759866853458
0.946611499777978538
0.946654867740796324
0.946696903714872029
0.946737665124577021
0.946777126350723197
0.946815334077221293
0.946852267708860329
0.946887873803359259
0.946922136369682699
0.946954972292303410
0.946986292542903896
0.947016042970212801
0.947044062276462983
0.947070242409610241
0.947094463314398394
0.947116538742170055
0.947136367102028864
0.947153779718618138
0.947168639875022533
0.947180774621465327
0.947190079157656628
0.947196425115853002
0.947199715898791483
0.947199872298255863
0.947196821672756095
0.947190538644143931
0.947181059024404526
0.947168382534171349
0.947152573263485120
0.947133787837724284
0.947112173438885985
0.947087890393483289
0.947061205822615326
0.947032370752699415
0.947001732842372435
0.946969586918977924
0.946936343016594462
0.946902412549711747
0.946868210663645904
0.946834203425804710
0.946800851847393710
0.946768613052410113
0.946737990297791598
0.946709385987122287
0.946683287067081602
0.946660069232153623
0.946640137518809932
0.946623833023217620
0.946611490519741472
0.946603245970237928
0.946599375660304165
0.946599982189651135
0.946605078872640338
0.946614669456333879
0.946628694251354097
0.946646973489529531
0.946669319585889069
0.946695438996516980
0.946725023795424114
0.946757679663014828
0.946793013204615064
0.946830597363025106
0.946869981566692442
0.946910694625443972
0.946952310927085872
0.946994408755892692
0.947036544813702585
0.947078398668929178
0.947119618416684794
0.947159981344872448
0.947199221907167765
0.947237208421278343
0.947273815067750546
0.947309002503913700
0.947342749625570746
0.947375103286695275
0.947406100340427271
0.947435834111051589
0.947464361040927905
0.947491810643662502
0.947518195166587196
0.947543584969098407
0.947567965764066433
0.947591305230060743
0.947613534828821824
0.947634530011485121
0.947654077040892995
0.947671987997028564
0.947688022580241984
0.947701872542597967
0.947713285877652800
0.947721947823199740
0.947727566390035747
0.947729930052883862
0.947728836758294890
0.947724109450090335
0.947715738291019183
0.947703721068972049
0.947688205226829949
0.947669415631953505
0.947647670002887410
0.947623415916704182
0.947597204975410001
0.947569664797200173
0.947541440201493002
0.947513321774233530
0.947486062487794212
0.947460408105550211
0.947437108664991534
0.947416874569444900
0.947400214632550530
0.947387667594374649
0.947379521336538022
0.947375993738271971
0.947377105431677191
0.947382698741888518
0.947392493563121385
0.947406058368416293
0.947422834175195461
0.947442257816901501
0.947463598966278964
0.947486203846300001
0.947509461034415468
0.947532784542821416
0.947555691643424680
0.947577838059772803
0.947598991461369500
0.947619039775012051
0.947637993490104913
0.947655890832798220
0.947672876007795817
0.947689060756052304
0.947704535431958872
0.947719331705509926
0.947733347839751272
0.947746369568587155
0.947758133377310519
0.947768130893243077
0.947775935751109855
0.947780949855155708
0.947782654831096139
0.947780587933689245
0.947774342122896130
0.947763757910935034
0.947748867764030001
0.947729936649240878
0.947707501437948907
0.947682284511448203
0.947655336783465363
0.947627757849691221
0.947600778768866503
0.947575641725306173
0.947553473222675358
0.947535257189069724
0.947521645408459401
0.947513066896392364
0.947509459937150078
0.947510539314078137
0.947515684037911310
0.947523930433247674
0.947534357743626487
0.947545930628695077
0.947557718671017568
0.947569057784064639
0.947579518436125756
0.947588894777324553
0.947597313327071311
0.947604984877143841
0.947612150788895380
0.947618977640879545
0.947625437467446874
0.947631164141668592
0.947635560389995080
0.947637727701438837
0.947636705752882946
0.947631517055242845
0.947621412883373759
0.947606008424549007
0.947585443305183905
0.947560422525021595
0.947532228978418600
0.947502554239299410
0.947473410049241904
0.947446710026561667
0.947424178483335377
0.947406992460095410
0.947395603897378424
0.947389731045331196
0.947388380429362242
0.947390141288394383
0.947393391285453856
0.947396690344742498
0.947399052813643228
0.947400112006759998
0.947400041598047693
0.947399372717336985
0.947398600388975165
0.947397882283378734
0.947396698324264763
0.947393922467739236
0.947387911227129065
0.947376943919748471
0.947359831029001787
0.947336138311459575
0.947306841790432785
0.947273972773607698
0.947240460698906439
0.947209463821247932
0.947183737750519339
0.947164718943437123
0.947152485526312149
0.947145545044705162
0.947141541108083129
0.947137941040150255
0.947132994076058887
0.947126140930072635
0.947118051305063879
0.947109767337364516
0.947101916340303496
0.947093848749069989
0.947083491612385031
0.947068024302288536
0.947045177131804139
0.947014374203439924
0.946977497967624315
0.946938647387679078
0.946902746937293260
0.946873820341075367
0.946853412418475537
0.946839926138557053
0.946829829897939068
0.946819246086029853
0.946806077308690486
0.946790715904747948
0.946775001207545097
0.946760016847964625
0.946744349476636993
0.946724131469877550
0.946695363774609167
0.946656972672780372
0.946612483067694188
0.946568830748878209
0.946532808206694831
0.946507147962042161
0.946489051073741261
0.946472541950204138
0.946453016470771735
0.946430212145948913
0.946407013859874136
0.946384665895516064
0.946359715115614453
0.946325818358476512
0.946280315602625599
0.946228289463092676
0.946180269022702025
0.946144013048772381
