0.727646732483404279
0.727605290547043260
0.727574064168402090
0.727553382789157821
0.727543451146985931
0.727544439706516055
0.727556447406560891
0.727579501773159998
0.727613499381337903
0.727658359936318555
0.727713825584596408
0.727779620784289261
0.727855414196970418
0.727940759341121568
0.728035173173950945
0.728138072245684165
0.728248889917040287
0.728366919643003485
0.728491485795838001
0.728621829129258214
0.728757169703247998
0.728896719460162323
0.729039659582204513
0.729185188550662278
0.729332449990158338
0.729480665247563054
0.729629028769490096
0.729776763810242146
0.729923174145997944
0.730067540105279633
0.730209235238446497
0.730347657110301030
0.730482320095016124
0.730612723072375125
0.730738468824567944
0.730859280858640492
0.730974861906146467
0.731085055955349561
0.731189775324575408
0.731288991712151337
0.731382758327570714
0.731471187184933536
0.731554449935133078
0.731632780377747927
0.731706483646073047
0.731775854860451935
0.731841300628482516
0.731903197922003756
0.731961973485347417
0.732018038412651340
0.732071837069603104
0.732123753507441299
0.732174178294119349
0.732223508592726113
0.732271989577540361
0.732319963962139941
0.732367604818264240
0.732415026465285224
0.732462343522025550
0.732509509052621133
0.732556476032084292
0.732603037255671663
0.732648985120351814
0.732693916390999234
0.732737465342105265
0.732779129075899482
0.732818397619791617
0.732854610620502278
0.732887164515668710
0.732915369815798967
0.732938545314100631
0.732956019269241255
0.732967098331281375
0.732971187408651303
0.732967705153034221
0.732956192221535630
0.732936211322774755
0.732907469248623156
0.732869852497369800
0.732823325147873850
0.732768013467192558
0.732704220167498366
0.732632422044514064
0.732553274473897842
0.732467528380617239
0.732376167211302054
0.732280320828154863
0.732181240293891533
0.732080276576674516
0.731978886926260675
0.731878591032333436
0.731780980882387411
0.731687627410725683
0.731600076864925453
0.731519827224731634
0.731448226927775780
0.731386608193885346
0.731336018714119018
0.731297411914820672
0.731271492512746812
0.731258695436585948
0.731259294013491767
0.731273247587938213
0.731300277000760279
0.731339809526094453
0.731391121612842365
0.731453212231891081
0.731524860921501707
0.731604726797430605
0.731691362198910622
0.731783185195976182
0.731878559300907505
0.731975948371202279
0.732073736340718262
0.732170505013263639
0.732264874018932810
0.732355680312372193
0.732441941678176778
0.732522885110450050
0.732597944261596523
0.732666849393660224
0.732729495964342004
0.732786068542916946
0.732836844695192724
0.732882392031665608
0.732923319495472292
0.732960448773705808
0.732994478649158232
0.733026255953747152
0.733056517308892208
0.733085911881070640
0.733114949928194926
0.733143899019380929
0.733172919145482216
0.733201814185119982
0.733230256404066694
0.733257597998366650
0.733283008972775985
0.733305376252211261
0.733323556770790419
0.733336235624336252
0.733342070081803854
0.733339853757481230
0.733328401656339612
0.733306847143301077
0.733274567040724357
0.733231299403841907
0.733177219132467251
0.733113006424272240
0.733039772465473694
0.732959069967688337
0.732872932023848844
0.732783747339613378
0.732694193120930759
0.732607084358039118
0.732525311476406871
0.732451650549978739
0.732388631042661054
0.732338445769523672
0.732302757972455587
0.732282621590574889
0.732278531216501771
0.732290184181255799
0.732316679963417316
0.732356480430763845
0.732407484477685999
0.732467222939406915
0.732532939168301755
0.732601878187889577
0.732671257608304871
0.732738597870771668
0.732801812911867745
0.732859285173867558
0.732910029339876701
0.732953537677909273
0.732990024883390823
0.733020105662937183
0.733044771097094650
0.733065341769093104
0.733083083488249354
0.733099247107410923
0.733114759565293150
0.733130076957257626
0.733145181889623965
0.733159386214522590
0.733171496752365592
0.733179768062898418
0.733182152697596790
0.733176379175021542
0.733160375515336860
0.733132487045668690
0.733091666937456532
0.733037789804873885
0.732971862181579503
0.732895936949312210
0.732813142721803867
0.732727510910727409
0.732643649221718429
0.732566327497041536
0.732500087168993841
0.732448732591163831
0.732414973049977824
0.732400071076300341
0.732403814076580728
0.732424387014803058
0.732458690327752460
0.732502658783570681
0.732551819608465493
0.732601636257322775
0.732648232541660560
0.732688644757953367
0.732721160343679734
0.732745371889911290
0.732762025685613438
0.732772727602506668
0.732779468620157082
0.732784084641134648
0.732787803441882879
0.732790811483092774
0.732792015870833424
0.732789195296913776
0.732779254497515464
0.732758759626330192
0.732724772040388328
0.732675574221136605
0.732611338289369196
0.732534505032151118
0.732449779952033309
0.732363674038013168
0.732283584388331743
0.732216668401250437
0.732168579051702295
0.732142378138152750
0.732138085280748085
0.732152576515309739
0.732180290664473765
0.732214377171739539
0.732248020633930241
0.732275844228968742
0.732294713422101173
0.732304076674283211
0.732305504981659250
0.732301705674134884
0.732295214517982629
0.732287157123599486
0.732276442942927042
0.732259723178696142
0.732232261101429027
0.732189481347008786
0.732128846016087076
0.732051582722037630
0.731963260084520950
0.731873193152641210
0.731792453007481858
0.731730924802251104
0.731694593507108082
0.731683730668880039
0.731692849404197876
0.731712570612383928
0.731732745897424430
0.731745540411868567
0.731747475290262517
0.731739426372174373
0.731724805298699654
0.731706723093265676
0.731685285406295294
0.731656550096873248
0.731614018293427870
0.731552023077523539
0.731469802217897480
0.731374177026755778
0.731278649623055776
0.731198998104800379
0.731146890901384849
0.731124743173855673
0.731124806359479074
0.731133148490060614
0.731136467027238002
0.731127772676775867
0.731107589946239256
0.731080368855900109
0.731048329976717426
0.731007572249028792
0.730949562060016378
0.730867946348228714
0.730766363829170817
0.730660883671281125
0.730573433461635502
0.730519271522176661
0.730497522119743059
0.730492293775759749
0.730484108621678119
0.730462363354083433
0.730428128332472171
0.730386224158755870
0.730334631415337832
0.730262990467835826
0.730163941247946036
0.730047193928986426
0.729939673691775925
