0.959437872175414319
0.959445267670693935
0.959458047160120175
0.959476261075297598
0.959499923934159948
0.959529069641316568
0.959563683295271419
0.959603661485626369
0.959648913737594533
0.959699365626261791
0.959754783666682099
0.959815061573350392
0.959879939628536571
0.959949194083108526
0.960022556961683149
0.960099750465893020
0.960180431355443065
0.960264317185600791
0.960351023799640324
0.960440205606894581
0.960531471715685758
0.960624479459684100
0.960718825324281100
0.960814141384839449
0.960910026418608565
0.961006112546853752
0.961102060523549295
0.961197483051846602
0.961292070689722000
0.961385511206001686
0.961477471540382989
0.961567709024584216
0.961655984410665465
0.961742066733791590
0.961825758234298722
0.961906930753541167
0.961985418527289693
0.962061187624882685
0.962134123201238367
0.962204233976144740
0.962271526233185681
0.962335988677189058
0.962397699105493665
0.962456769334544160
0.962513234825255970
0.962567284913724897
0.962619031723455976
0.962668650413153304
0.962716245817089478
0.962762016515122721
0.962806129358726115
0.962848710588654955
0.962889955072586567
0.962929933467413957
0.962968830018279376
0.963006689515604974
0.963043629567937431
0.963079645669254858
0.963114797299344017
0.963149060189528505
0.963182397761491949
0.963214711707539584
0.963245918715745719
0.963275865943783671
0.963304365295681420
0.963331248734936585
0.963356308999952837
0.963379290243772890
0.963399972468149124
0.963418049810197186
0.963433284456845396
0.963445457251261739
0.963454291063640667
0.963459612646953567
0.963461159888904350
0.963458845103446482
0.963452508931160523
0.963442128740835568
0.963427622337256429
0.963409124056822663
0.963386697478119780
0.963360512291067006
0.963330822065595282
0.963297996381227373
0.963262371127607042
0.963224421073999859
0.963184664838107940
0.963143679079907500
0.963102063223218674
0.963060474336138395
0.963019636865258266
0.962980237665056582
0.962942966896797037
0.962908575072148554
0.962877665124015514
0.962850937607133583
0.962828948818489572
0.962812214275009293
0.962801172927803317
0.962796170613957392
0.962797525195099535
0.962805282031560683
0.962819547157765854
0.962840205140565453
0.962867111537884623
0.962899902195116564
0.962938227607154418
0.962981550390371588
0.963029306137334951
0.963080845960040288
0.963135460820152667
0.963192439045504667
0.963250974876616373
0.963310382885256611
0.963369900984138772
0.963428857481534728
0.963486628057219074
0.963542699883481402
0.963596606514321330
0.963647978176214948
0.963696592157612164
0.963742278824603060
0.963785008384655861
0.963824853470585774
0.963861972405754996
0.963896602146965154
0.963928999009955767
0.963959500672662672
0.963988448845193413
0.964016183407049643
0.964042985541600173
0.964069144522849530
0.964094813098962611
0.964120104135376965
0.964145009485300908
0.964169376181050364
0.964193017708302458
0.964215553589177321
0.964236580049823599
0.964255588988569223
0.964271977920492240
0.964285201206954379
0.964294621295106125
0.964299725550149978
0.964300043258455197
0.964295241832124561
0.964285146587625097
0.964269716197489246
0.964249125308997090
0.964223824668641760
0.964194433004271545
0.964161768544829156
0.964126854586796478
0.964090882488298329
0.964055131005214005
0.964020981226109797
0.963989752042340609
0.963962751970982579
0.963941127368245665
0.963925899585159840
0.963917783947114803
0.963917250443710016
0.963924446638947607
0.963939214863841931
0.963961114598661406
0.963989343775556007
0.964022912058137504
0.964060643401618345
0.964101231526746649
0.964143334037500632
0.964185702385848886
0.964227103355019599
0.964266637626879808
0.964303525615098911
0.964337327464913519
0.964367871512702535
0.964395267887239949
0.964419881687755387
0.964442200986377784
0.964462833139168696
0.964482429373564765
0.964501522531648670
0.964520482696766268
0.964539515183195029
0.964558414660693919
0.964576807592226859
0.964593954302894296
0.964608905185401877
0.964620585014366316
0.964627838960343320
0.964629707191790420
0.964625333530046758
0.964614333133979041
0.964596768716366681
0.964573217444225195
0.964544775550527866
0.964513105531786707
0.964480239915156856
0.964448419336257912
0.964419999960449137
0.964397125339858219
0.964381563167598044
0.964374526222322670
0.964376575172750550
0.964387453644698023
0.964406215717673154
0.964431347462434418
0.964460866638610526
0.964492571433859247
0.964524414356721094
0.964554577927376422
0.964581828741560510
0.964605505473623892
0.964625634553902600
0.964642775177867451
0.964657857622488790
0.964671936372706651
0.964685896653389996
0.964700239013025596
0.964714802018967865
0.964728786476470979
0.964740782589164958
0.964748955018487231
0.964751466486097664
0.964746788186174098
0.964734117355439125
0.964713726733933186
0.964687033185533505
0.964656604836782061
0.964625776733258777
0.964598213562336992
0.964577335457473706
0.964565659285009036
0.964564393199147774
0.964573182058896861
0.964590244622066328
0.964612785826292174
0.964637426858614200
0.964661173942870209
0.964681817989678003
0.964698418214499087
0.964711350569582460
0.964721840494753402
0.964731576563654603
0.964741734149013874
0.964752502660782607
0.964762758963257805
0.964770124872743606
0.964771710539284233
0.964764999445083316
0.964748877747944156
0.964724405179752109
0.964694853810775688
0.964665170484802159
0.964640798399986954
0.964626136647025567
0.964623264137510872
0.964631447692157695
0.964647348012031003
0.964666255248841309
0.964683781120713624
0.964697251663262256
0.964706369108341621
0.964712827466102096
0.964718959084859273
0.964726033192982779
0.964733059786282210
0.964736759727197524
0.964732949481975410
0.964718644816769721
0.964694317434125259
0.964664412916047764
0.964636219052284916
0.964616973947870715
0.964610824558317925
0.964616877418620566
0.964629961696344851
0.964643482224577964
0.964652891976257698
0.964657572052312506
0.964660138881788698
0.964663475773452350
0.964667298207013357
0.964667362703687581
0.964657924745657813
0.964636340544011150
0.964606448431624575
0.964577657121395315
0.964559772984735941
0.964556658674337819
0.964564144447981442
0.964573510731429606
0.964578307770856846
0.964578418688269545
0.964577880805828958
0.964578489326326394
0.964575566534675466
0.964561631437446887
0.964534644796850360
0.964503096126677062
