0.932943746084560654
0.932930759635448692
0.932924232408851584
0.932924339553538484
0.932931230642694898
0.932945021349770198
0.932965813620194262
0.932993614544468941
0.933028421534276786
0.933070196412666975
0.933118820715337804
0.933174156278594125
0.933236015697683441
0.933304199935323431
0.933378401564679994
0.933458347299527702
0.933543664591604205
0.933634024713351995
0.933728975930553706
0.933828078368855841
0.933930921990504204
0.934036983628489970
0.934145795089279418
0.934256852225055612
0.934369645044549668
0.934483656295071241
0.934598398943741970
0.934713364180926432
0.934828070482480955
0.934942063777383425
0.935054888551843932
0.935166134285755013
0.935275422111559340
0.935382433392347057
0.935486812546169499
0.935588296408234044
0.935686671735710962
0.935781762368852243
0.935873425212247811
0.935961568848942327
0.936046137177400039
0.936127136404436899
0.936204600946128673
0.936278621136714229
0.936349303887272444
0.936416774753461634
0.936481250313299207
0.936542917730324387
0.936602006728851300
0.936658730901598346
0.936713352550306966
0.936766088114467821
0.936817188517011568
0.936866879135359154
0.936915376046709825
0.936962848622530986
0.937009443696293798
0.937055288316540502
0.937100479046459656
0.937145013221270640
0.937188918116324876
0.937232112502148773
0.937274489728520344
0.937315917633469553
0.937356176031648669
0.937395009263507162
0.937432154997522304
0.937467251323149897
0.937499969181577519
0.937529914348699145
0.937556715052658918
0.937579924410519849
0.937599196130828427
0.937614110311522642
0.937624368098086247
0.937629591458578937
0.937629549297030462
0.937624017328021031
0.937612855392958022
0.937596033338658597
0.937573505422696130
0.937545460456178814
0.937512092402119190
0.937473699237401092
0.937430745356650386
0.937383712731887919
0.937333222271297228
0.937279979971328947
0.937224799981554613
0.937168497962693081
0.937112024360650109
0.937056337221746194
0.937002392994477185
0.936951186216240628
0.936903707828631860
0.936860859988307815
0.936823541764051915
0.936792561795844914
0.936768616670949461
0.936752301775431340
0.936744116045891806
0.936744342874782254
0.936753186869453525
0.936770662105929075
0.936796625721345588
0.936830797191086528
0.936872711438177963
0.936921806784635658
0.936977319996462388
0.937038476929122677
0.937104346519025633
0.937173959961708491
0.937246297772432069
0.937320360307268619
0.937395115172373061
0.937469603790398787
0.937542972329314717
0.937614429982482678
0.937683272992962613
0.937748990952918748
0.937811180861007565
0.937869596468323241
0.937924129333418510
0.937974815809383577
0.938021878784836893
0.938065600402339328
0.938106347015267295
0.938144601288608659
0.938180821686852240
0.938215554909536564
0.938249260318018141
0.938282319690600164
0.938315014407319348
0.938347620805657701
0.938380108671299062
0.938412437325995108
0.938444281657649704
0.938475269060473960
0.938504771124864634
0.938532128924111197
0.938556523741741922
0.938577119083130795
0.938593019794340178
0.938603428697153852
0.938607562282767649
0.938604883545617441
0.938595000658252410
0.938577715760937181
0.938553201970866335
0.938521835119028425
0.938484390685651926
0.938441888167558025
0.938395633230215465
0.938347159456823121
0.938298207875886359
0.938250628884156890
0.938206293447359951
0.938166985808248199
0.938134403162589225
0.938109939278942040
0.938094735394760071
0.938089583125593984
0.938094743507007500
0.938110151355394328
0.938135287700106124
0.938169187398049886
0.938210541514017615
0.938257844078674519
0.938309342447496864
0.938363183862183425
0.938417655691488939
0.938471140106583279
0.938522244096197000
0.938569970418171251
0.938613605337430879
0.938652904097796337
0.938687995135880304
0.938719342446432514
0.938747588460616456
0.938773640920128716
0.938798369040647507
0.938822632578018013
0.938846938408276710
0.938871602264602756
0.938896483348965138
0.938921067681946497
0.938944387211055886
0.938965149901369367
0.938981875041267622
0.938992956877122475
0.938996940641668387
0.938992670552880604
0.938979436543422308
0.938957203689091857
0.938926644698630741
0.938889182807082223
0.938846937993977115
0.938802636907059229
0.938759327037434921
0.938720158588464137
0.938688094817684671
0.938665614088774247
0.938654450387304662
0.938655380968055453
0.938668208272124494
0.938691731012151087
0.938723871029250923
0.938762063645881328
0.938803335506720904
0.938844876594730815
0.938884289533285399
0.938919787017530871
0.938950526565872301
0.938976494742233214
0.938998432928105808
0.939017644692031861
0.939035599502668461
0.939053524375961124
0.939072094654073153
0.939091195037508375
0.939109754844265843
0.939125842090207552
0.939137013194589643
0.939140740807051122
0.939134888141789914
0.939118323047925641
0.939091364590687316
0.939055850290559602
0.939015194614257642
0.938973873379493673
0.938936823649473506
0.938908607850682309
0.938892663889469348
0.938890620066702208
0.938902043098524985
0.938924542605294676
0.938954275833341012
0.938986873812735712
0.939018176577481878
0.939045297223545017
0.939066999099713473
0.939083753735069582
0.939097323280219665
0.939109882324528744
0.939123071680822097
0.939137159837458935
0.939150557822556964
0.939160145303726823
0.939162032160085647
0.939152824429164035
0.939131154131108703
0.939098380142197708
0.939058985158754189
0.939019583788870293
0.938987437837850991
0.938968356493006917
0.938965089271879827
0.938976473398150491
0.938997988992665955
0.939023373951215934
0.939046750453582768
0.939064621648314946
0.939076674128620503
0.939085187463402193
0.939093290185098573
0.939102573831626986
0.939111667163343489
0.939116140314062542
0.939110451456052653
0.939090868334036100
0.939058144755683055
0.939018418562613921
0.938981473375562814
0.938956865147876463
0.938949772237178459
0.938958812164787271
0.938976923084770654
0.938995330090172442
0.939008117417214128
0.939014573776993822
0.939018280239879100
0.939022818596087938
0.939027707337312001
0.939027209858885326
0.939013848367524551
0.938984543224769208
0.938944833494435360
0.938907449439138508
0.938885071099490820
0.938882451576791510
0.938893562871706777
0.938906769179410738
0.938913708228358401
0.938914395709036231
0.938914178954704859
0.938914987052728800
0.938910542082394772
0.938891139483885251
0.938854866251291331
0.938813633138760650
