0.979506090802359730
0.979537288635898284
0.979573082837626341
0.979613362739063298
0.979658023143945900
0.979706934509082639
0.979759873190651609
0.979816715626063317
0.979877208193718374
0.979941120922276143
0.980008253261124618
0.980078300328637519
0.980151013199332954
0.980226101400516026
0.980303231625685334
0.980382146367697382
0.980462515719970562
0.980544040091830493
0.980626393573040378
0.980709277118776090
0.980792345657296338
0.980875376998752491
0.980958033591194045
0.981040067419785444
0.981121162521188639
0.981201140813693251
0.981279759821297115
0.981356794041442493
0.981432068335921337
0.981505416229658256
0.981576716816774830
0.981645843540325913
0.981712688046513238
0.981777221012472556
0.981839346679397429
0.981899106584866121
0.981956474576423766
0.982011471575803596
0.982064134519291421
0.982114546641835617
0.982162791829303217
0.982208933247862181
0.982253069078159458
0.982295321417731349
0.982335816237208559
0.982374667840957172
0.982411981262336864
0.982447887888615257
0.982482432117351645
0.982515795187796637
0.982548023847333196
0.982579179911196365
0.982609325455232607
0.982638499965042489
0.982666733201281284
0.982694017067050285
0.982720304333725814
0.982745608150347283
0.982769753910889832
0.982792757531947392
0.982814484315888026
0.982834795099517100
0.982853574634157012
0.982870665551326739
0.982885898436114402
0.982899117729231553
0.982910167725364770
0.982918893888174328
0.982925134371357867
0.982928747710107298
0.982929631833280082
0.982927656495355406
0.982922749949611485
0.982914881254478345
0.982904056092463341
0.982890278033954679
0.982873650197275683
0.982854261833343457
0.982832270525439755
0.982807921191543032
0.982781412042401992
0.982753067607584074
0.982723218656879394
0.982692286555215122
0.982660610677471347
0.982628674842809580
0.982596946088398870
0.982565917822204593
0.982536051913472930
0.982507882921159204
0.982481850309201654
0.982458445149195558
0.982438157531034584
0.982421317496213864
0.982408342773487431
0.982399540719452014
0.982395137993531953
0.982395380118433414
0.982400332578050040
0.982410078847940405
0.982424542690952696
0.982443694054911609
0.982467284242606098
0.982495097311138266
0.982526777903248716
0.982561993857663740
0.982600292993737967
0.982641187438469621
0.982684204124193106
0.982728794130878103
0.982774415387622446
0.982820582362096795
0.982866775219532474
0.982912523431093255
0.982957400265882075
0.983000972848424359
0.983042995631374428
0.983083183239408909
0.983121368208097923
0.983157396585891741
0.983191272940619587
0.983222973910489850
0.983252613414894561
0.983280302135138951
0.983306202571860521
0.983330511881954195
0.983353459801911800
0.983375223374402530
0.983396039499058738
0.983416014696887775
0.983435314674301453
0.983453963673420750
0.983472016689451500
0.983489367613967214
0.983505921423080132
0.983521518548303275
0.983535836114818207
0.983548633983916898
0.983559578940549128
0.983568285212539806
0.983574420682086115
0.983577641307495143
0.983577712907038437
0.983574369943718385
0.983567494777717988
0.983557077182223294
0.983543229649556539
0.983526141365667295
0.983506243246764167
0.983483991024194704
0.983460021874118295
0.983435084804565873
0.983410007850773149
0.983385620433638086
0.983362867719158706
0.983342592081532518
0.983325658350689191
0.983312735345070021
0.983304465937831385
0.983301214339414753
0.983303304635128272
0.983310733484328292
0.983323341456805999
0.983340774356231129
0.983362489818033869
0.983387805127856063
0.983415873994786027
0.983445862009908356
0.983476834895593344
0.983507955973038417
0.983538444563317737
0.983567646102038950
0.983595074062531882
0.983620365450951772
0.983643410423059694
0.983664241669361283
0.983683017851715857
0.983700082388873964
0.983715745933536390
0.983730431144099304
0.983744449404261201
0.983758046436199574
0.983771322846939356
0.983784209264355280
0.983796491947282137
0.983807707411259447
0.983817291425565510
0.983824635086971155
0.983829006312864962
0.983829841255213222
0.983826597788039825
0.983819061130531636
0.983807215935625590
0.983791431444465792
0.983772391893768194
0.983751088666745321
0.983728847201823298
0.983707076470028641
0.983687328904127023
0.983671029738831137
0.983659402605940647
0.983653388720851063
0.983653454800876181
0.983659578402159562
0.983671376240076611
0.983687861875689906
0.983707912037898757
0.983730049142804042
0.983752881596700157
0.983775127891049594
0.983795770991952589
0.983814160307208030
0.983830089475057679
0.983843739197705403
0.983855571817874974
0.983866199598718905
0.983876232054778810
0.983886123016343261
0.983895941437699872
0.983905428495865042
0.983913832411344336
0.983920143301528771
0.983923195346535606
0.983921930816044510
0.983915599101461202
0.983904060610896525
0.983887831533217572
0.983868308266504621
0.983847347854350462
0.983827305116722117
0.983810565110574298
0.983799162469927380
0.983794371792511391
0.983796628310730781
0.983805304533127423
0.983818941560287596
0.983835458191272938
0.983852721262638674
0.983868859890596359
0.983882603423721802
0.983893666392250177
0.983902428068043400
0.983909777826071474
0.983916697371504778
0.983923798966694241
0.983930902987598999
0.983937024142671368
0.983940482695559560
0.983939482184009173
0.983932621468891266
0.983919653551303508
0.983901704081725725
0.983881300066080100
0.983861899293368092
0.983846986523564504
0.983839136384425994
0.983839278723586119
0.983846455098411843
0.983858161067335035
0.983871202074716678
0.983882878928000859
0.983891702074788044
0.983897717498715574
0.983902224258827229
0.983906568602986975
0.983911380688394233
0.983915578217762987
0.983916877568123072
0.983912611014679972
0.983901228028394303
0.983883564620006035
0.983863014720596119
0.983844621529028962
0.983832925048096052
0.983830154891412900
0.983835219673751760
0.983844383040757831
0.983853332014567594
0.983859327394862038
0.983862312208936607
0.983864128898200629
0.983866433305852994
0.983868645380783446
0.983867682703449375
0.983859890522934877
0.983844022320861322
0.983823261877853295
0.983804137633315756
0.983792903602688007
0.983791605304032313
0.983796902840807785
0.983802931612360432
0.983805755205197419
0.983805618534351778
0.983805275375886024
0.983805422385381156
0.983802657587528828
0.983791986267860907
0.983772756726696174
0.983751196069195810
