0.965650075884974757
0.965624441585012816
0.965603926595190454
0.965588613702039522
0.965578535250685932
0.965573751950874470
0.965574310532469782
0.965580275541343402
0.965591649830060184
0.965608502696453486
0.965630841402921991
0.965658710059541625
0.965692112363256583
0.965731074075826257
0.965775572453471232
0.965825684413594954
0.965881325377405675
0.965942545895312144
0.966009296482911006
0.966081583735655558
0.966159378807189606
0.966242639607056808
0.966331336158462673
0.966425435332758265
0.966524884630855619
0.966629648320171841
0.966739657603019276
0.966854824620076658
0.966975130555621121
0.967100473454948983
0.967230767397750379
0.967365941464788159
0.967505896869116033
0.967650543159646381
0.967799793512470585
0.967953511105190123
0.968111631203672940
0.968274005622539846
0.968440538559893982
0.968611063569003727
0.968785496051785766
0.968963681098323537
0.969145512848767487
0.969330800695990202
0.969519432525147273
0.969711289486606565
0.969906169065246071
0.970103916382062170
0.970304424356821626
0.970507484566240919
0.970712975984118098
0.970920718609695310
0.971130532834252547
0.971342270592485346
0.971555747495651989
0.971770776405603276
0.971987254041212001
0.972204912429225465
0.972423653764398432
0.972643276429001502
0.972863614744391536
0.973084471773485782
0.973305718440623413
0.973527139887208404
0.973748595172946096
0.973969896985001693
0.974190882128774360
0.974411382430024897
0.974631257996288802
0.974850304889910313
0.975068404593113280
0.975285380336466279
0.975501094252304690
0.975715366861427347
0.975928091567814016
0.976139092520882712
0.976348273683771417
0.976555469474494231
0.976760563581371311
0.976963411103517254
0.977163943053104722
0.977361993758723235
0.977557492495612079
0.977750316750571780
0.977940403159865079
0.978127600309675937
0.978311868639790694
0.978493129057688593
0.978671303060103415
0.978846312254574746
0.979018138106492852
0.979186672160053728
0.979351891163065980
0.979513758863237882
0.979672242861404086
0.979827314951283945
0.979978954362345722
0.980127151806942876
0.980271886184209906
0.980413181755778962
0.980551000917163296
0.980685370206572093
0.980816337241132263
0.980943891076671348
0.981068070540537795
0.981188884219064694
0.981306419054849277
0.981420681553985652
0.981531752626654264
0.981639637974406343
0.981744411940318806
0.981846154693059248
0.981944920449366654
0.982040763760295476
0.982133766190610435
0.982224010713921181
0.982311546195508978
0.982396462875765542
0.982478854448517569
0.982558802614096449
0.982636366576683740
0.982711607000967380
0.982784674311079853
0.982855597207171416
0.982924477028225274
0.982991374326246503
0.983056412771159516
0.983119622704373808
0.983181104145420481
0.983240899123345446
0.983299135255249035
0.983355847805691741
0.983411085955301356
0.983464942471964809
0.983517479149951579
0.983568687438610589
0.983618708791744512
0.983667490033508507
0.983715154569863470
0.983761696169816791
0.983807144536292033
0.983851550518993090
0.983894903000602006
0.983937220338997331
0.983978532419835794
0.984018835939734382
0.984058135712206794
0.984096360430056438
0.984133591912374706
0.984169761426561429
0.984204863130935692
0.984238851524436020
0.984271727493315818
0.984303408786312062
0.984333907230426020
0.984363143824343867
0.984391058250349449
0.984417633624581123
0.984442814705792979
0.984466513468899018
0.984488710449076709
0.984509320214491335
0.984528272759688350
0.984545535180365139
0.984561009939998844
0.984574689462142105
0.984586446342970434
0.984596262468349526
0.984604087654269433
0.984609817009785337
0.984613435984572960
0.984614914850676537
0.984614125856813183
0.984611123679797529
0.984605810136393256
0.984598192389405158
0.984588171860485972
0.984575827288787564
0.984561094046025986
0.984543972471922935
0.984524455928545317
0.984502570167062330
0.984478346111420155
0.984451787180839588
0.984422950620949644
0.984391857747901944
0.984358584485717780
0.984323212805512937
0.984285762859512858
0.984246370838024798
0.984205089502495301
0.984162053374170287
0.984117364766716740
0.984071153236570684
0.984023535000958627
0.983974656632339406
0.983924689818254983
0.983873766736161004
0.983822051681666587
0.983769703212945323
0.983716935014764982
0.983663920883798171
0.983610837320229026
0.983557890674937929
0.983505264415794667
0.983453193344802079
0.983401828579682169
0.983351434715799333
0.983302171952494475
0.983254252144203145
0.983207914645640724
0.983163338002106424
0.983120688711303314
0.983080217259146849
0.983042065770223461
0.983006458373405834
0.982973555390448617
0.982943502741138619
0.982916479997921089
0.982892625872005543
0.982872105707387589
0.982854985483287202
0.982841439053005583
0.982831514137952889
0.982825362490607923
0.982822976206516929
0.982824456469754137
0.982829853573239820
0.982839168761685644
0.982852390933656062
0.982869534737523698
0.982890556314935160
0.982915440818823316
0.982944101704636086
0.982976485510819731
0.983012492387140724
0.983052012586745683
0.983094895984157779
0.983141036073883479
0.983190271824359474
0.983242419610689589
0.983297321331739638
0.983354790130690604
0.983414607973877364
0.983476569366451114
0.983540488341016705
0.983606112819569223
0.983673195840237824
0.983741547565387009
0.983810913037322821
0.983881042737945299
0.983951740207561265
0.984022753227150493
0.984093848831955831
0.984164797873952057
0.984235401964304590
0.984305472649321112
0.984374788671935730
0.984443152043289360
0.984510412818060621
0.984576374335447202
0.984640950983786789
0.984703951863675320
0.984765294456598106
0.984824875724037430
0.984882611078141346
0.984938416293911434
0.984992277103407976
0.985044119254843364
0.985093964891965435
0.985141811277302826
0.985187603896699571
0.985231456905065084
0.985273373245043937
0.985313416910125972
0.985351658394706176
0.985388176179217368
0.985423033691669059
0.985456324952315055
0.985488142160661496
0.985518591137881761
0.985547766537058778
0.985575738740312124
0.985602633540529238
0.985628536072443051
0.985653500317461906
0.985677624120548934
0.985700962272658687
0.985723589482689122
0.985745522463121859
0.985766803572566963
0.985787436794051342
0.985807443001215589
0.985826834175520750
0.985845532636984712
0.985863523099595573
0.985880771001323541
0.985897183039766145
0.985912718389322151
0.985927259514854937
0.985940715734571982
0.985953022229968501
0.985964020836222144
0.985973634320992942
0.985981749719485712
0.985988249779907733
0.985993064555223842
0.985996034391968257
0.985997094220726122
0.985996195522648056
0.985993260024396800
0.985988196766468428
0.985981046111185533
0.985971726425887707
0.985960293239187213
0.985946764372594653
0.985931175432119056
0.985913663488083847
0.985894288920680317
0.985873193495541367
0.985850538768747953
0.985826500827803320
0.985801296905170044
0.985775129346330603
0.985748257295104735
0.985720937400282438
0.985693450366238011
0.985666076187374118
0.985639114893392509
0.985612854612036626
0.985587608116901381
0.985563700572745338
0.985541344934909302
0.985520869222150986
0.985502544493805144
0.985486605160674878
0.985473219656934352
0.985462640664418466
0.985454974002772266
0.985450416695553999
0.985448993227185821
0.985450763723617285
0.985455784423179049
0.985463962641862534
0.985475322750546168
0.985489665835789563
0.985506896418551603
0.985526854055048251
0.985549292573162816
0.985573973417926408
0.985600686285001637
0.985629102596306872
0.985658929947018314
0.985689862673738815
0.985721615371534021
0.985753852171151412
0.985786279467013249
0.985818598588419803
0.985850573997556157
0.985881928667107443
0.985912460998785933
0.985941979042823879
0.985970367426165284
0.985997434068029421
0.986023189184107030
0.986047502703892076
0.986070422547313585
0.986091957201348124
0.986112149467639476
0.986131066339007933
0.986148809202564980
0.986165458806750328
0.986181169449711459
0.986196037789432545
0.986210120043271243
0.986223545903136212
0.986236401005708196
0.986248711976153603
0.986260540927855311
0.986271812291630856
0.986282551753379755
0.986292693691144029
0.986302133843845130
0.986310752111051792
0.986318425794696307
0.986324993605198541
0.986330278346879807
0.986334116605715128
0.986336361498706182
0.986336858914279691
0.986335493822637965
0.986332143654012450
0.986326763490136371
0.986319321504057656
0.986309875882690812
0.986298511918299203
0.986285348616897095
0.986270549213308700
0.986254390836086903
0.986237169873828590
0.986219218980364576
0.986200906489044127
0.986182623513801038
0.986164797176525387
0.986147809507243567
0.986132094649418867
0.986118081279869219
0.986106019819916413
0.986096298354317002
0.986089119096953959
0.986084675545922829
0.986083077737653024
0.986084313491513376
0.986088371247719642
0.986095082226098429
0.986104237438534148
0.986115592964866172
0.986128772938784093
0.986143454167015210
0.986159227497095281
0.986175665819395975
0.986192430914245688
0.986209112105254082
0.986225422990953504
0.986241073257359768
0.986255873059749710
0.986269682923925139
0.986282426263920375
0.986294087666074293
0.986304731402318891
0.986314435231934850
0.986323295487496199
0.986331467535572659
0.986339079153349396
0.986346136218815506
0.986352753721224662
0.986358908379879495
0.986364537947642006
0.986369515019048015
0.986373679217809385
0.986376834731141128
0.986378721398697311
0.986379114625757891
0.986377791106433532
0.986374578536585278
0.986369348005727842
0.986362062772398129
0.986352768726184714
0.986341623019987845
0.986328898960321721
0.986314939819874614
0.986300188233806274
0.986285193201904997
0.986270475256024404
0.986256578950994056
0.986244095129138798
0.986233461037479886
0.986225089663899213
0.986219228250741042
0.986216028053765958
0.986215455194522028
0.986217344725016765
0.986221441034529467
0.986227287000352781
0.986234458682309856
0.986242428778911773
0.986250652975225739
0.986258810467158575
0.986266440988833426
0.986273377253422900
0.986279435687379302
0.986284664997397642
0.986289088239311718
0.986292842746057885
0.986296062158278919
0.986298825376290100
0.986301174865820363
0.986303018752065719
0.986304198499329599
0.986304444062119479
0.986303438332473470
0.986300819278465357
0.986296345087054216
0.986289757079924168
0.986281038541769961
0.986270304250698504
0.986257844728405275
0.986244165302194831
0.986229875306456671
0.986215742387417160
0.986202490303939805
0.986190812706073228
0.986181258122491466
0.986174184118286501
0.986169650794288866
0.986167563147247073
0.986167492556345615
0.986168933993327612
0.986171190750316451
0.986173714643449939
0.986175927893753967
0.986177581818762250
0.986178494636602454
0.986178673899205882
0.986178294213113871
0.986177504689068618
0.986176310630736297
0.986174622213468188
0.986172173712187350
0.986168519368063934
0.986163186657807445
0.986155782223098298
0.986146077474797433
0.986134145792246120
0.986120403404685431
0.986105553279117419
0.986090482244930455
0.986076209323431985
0.986063648224960176
0.986053413503941045
0.986045759640736708
0.986040490155365990
0.986037080224054452
0.986034691461469937
0.986032586702796587
0.986030127120346767
0.986027033787840512
0.986023291900138488
0.986019051386755274
0.986014452651139961
0.986009434093209514
0.986003621827637899
0.985996369701995001
0.985987058301708963
0.985975279958534956
0.985961002984535595
0.985944884634929020
0.985927978314180442
0.985911627628121789
0.985897063096109694
0.985885003769492507
0.985875555692418137
0.985868136924891059
0.985861771525275210
0.985855446745545594
0.985848569974067890
0.985840978637100740
0.985832912722747978
0.985824552322587255
0.985815588313951885
0.985805299035609650
0.985792715162048805
0.985777281338602207
0.985759268547335310
0.985739899323453406
0.985720886137156138
0.985703871188772784
0.985689714851111898
0.985678030625126378
0.985667680212008457
0.985657292527204243
0.985646177881911445
0.985634360318655478
0.985622219341690253
0.985609508614651464
0.985595265644501062
0.985578224853149831
0.985557931406305654
0.985535538729662042
0.985513271581331285
0.985493353321602705
0.985476563245158088
0.985461900209745334
0.985447526208416802
0.985432292891990969
0.985416238733531902
0.985399846451680550
0.985382458184726473
0.985362324187894045
0.985338464045009021
0.985312228629492748
0.985286671154749327
0.985264332370451301
0.985245030957745294
0.985226453107426847
0.985206813329733588
0.985186260283860804
0.985165225374467379
0.985142196054845432
0.985115151665890698
0.985084750511587393
0.985055041026119405
0.985029108779428619
0.985005896650912205
0.984982218705759749
0.984957116017721068
0.984931365543512127
0.984903486411025098
0.984870848111442876
0.984835419091373065
