0.926857848217646718
0.926799903656477242
0.926745478879575368
0.926694620641149602
0.926647483240677916
0.926604104617825497
0.926564589315280851
0.926529018881577904
0.926497458030094645
0.926470001450793057
0.926446698994919493
0.926427636331247473
0.926412905177524504
0.926402505515505736
0.926396571401647440
0.926395094631402793
0.926398172499135919
0.926405804905789165
0.926418096785380341
0.926435060662180954
0.926456731807032141
0.926483131521815717
0.926514322678634317
0.926550305698459975
0.926591107612143139
0.926636735409682943
0.926687228451166578
0.926742560450901309
0.926802738890344258
0.926867794251782673
0.926937659562495408
0.927012386449985959
0.927091910385627438
0.927176245429138568
0.927265341932173470
0.927359177998223316
0.927457723330285644
0.927560941142181017
0.927668749281341354
0.927781127227344626
0.927898028286352594
0.928019370827253942
0.928145108324744617
0.928275144891562487
0.928409441703146321
0.928547869093926725
0.928690381071554438
0.928836910705028718
0.928987312736138549
0.929141528155511542
0.929299423871630670
0.929460935854605874
0.929625909393415495
0.929794278435621457
0.929965886451144308
0.930140620411551544
0.930318367621508213
0.930499017623611313
0.930682405675709035
0.930868428364152400
0.931056906041909604
0.931247747476722787
0.931440783129632410
0.931635888189206174
0.931832904085857838
0.932031673175385489
0.932232077011041937
0.932433933936352322
0.932637132639351663
0.932841468050439881
0.933046838480141472
0.933253059898710657
0.933460004001464561
0.933667504547443516
0.933875364955979115
0.934083514803044523
0.934291739466702409
0.934499916850361600
0.934707904459146866
0.934915527225037679
0.935122656915773565
0.935329169583730913
0.935534892391133854
0.935739689540331376
0.935943441475149074
0.936146016219112531
0.936347287585499566
0.936547111608547311
0.936745366736571161
0.936941951711473986
0.937136730788374006
0.937329642136953800
0.937520531019775727
0.937709335028241164
0.937895926941479052
0.938080221313924989
0.938262150753856883
0.938441639725938859
0.938618582619292430
0.938792960745927996
0.938964675066879417
0.939133654452066979
0.939299889443083624
0.939463312399899775
0.939623889043141536
0.939781562559203643
0.939936333224031362
0.940088170900460041
0.940237058491537048
0.940382973663115185
0.940525929060201715
0.940665919373373405
0.940802945732853946
0.940936995790904618
0.941068130714341367
0.941196323289864467
0.941321646164666848
0.941444095008623472
0.941563723414864495
0.941680537681907848
0.941794611425547767
0.941905969964901502
0.942014666294002545
0.942120773354506946
0.942224311831944106
0.942325358239031186
0.942423964089079025
0.942520198857710767
0.942614097045808230
0.942705764212240171
0.942795243567647878
0.942882593368395416
0.942967876524578141
0.943051148678852758
0.943132500866441514
0.943211982208338795
0.943289665215255035
0.943365601607398019
0.943439858410939358
0.943512485340735174
0.943583505386153210
0.943653043142130721
0.943721088255935592
0.943787698774671058
0.943852931655213223
0.943916832537700312
0.943979410182620104
0.944040710307782915
0.944100757957818004
0.944159587741206563
0.944217200891451447
0.944273622961490977
0.944328852683637643
0.944382892726373213
0.944435758485288934
0.944487443290100814
0.944537900903137384
0.944587179526669485
0.944635201933127999
0.944681967194380023
0.944727455829644680
0.944771635931600406
0.944814446110051276
0.944855851089521082
0.944895839429315987
0.944934326523256041
0.944971283266055617
0.945006618723484015
0.945040335671540110
0.945072316902059617
0.945102527457203800
0.945130916547242794
0.945157386143939848
0.945181914736432871
0.945204389726217897
0.945224775121760619
0.945243028888743786
0.945259032560112455
0.945272774896765533
0.945284168716018058
0.945293172664410930
0.945299723989229346
0.945303785951326914
0.945305303675843200
0.945304261272649993
0.945300590830677412
0.945294295898984172
0.945285345387368525
0.945273700895305935
0.945259402885031630
0.945242435476946419
0.945222796986004643
0.945200500835858493
0.945175614229006089
0.945148137150973899
0.945118119894110542
0.945085657761473685
0.945050803040550558
0.945013593108611216
0.944974178724975911
0.944932625621115907
0.944889050274848263
0.944843596550927090
0.944796372094809267
0.944747546857048204
0.944697250551559731
0.944645670075752952
0.944592953941957747
0.944539309509382474
0.944484934054117709
0.944429975292969792
0.944374705467551423
0.944319316093751637
0.944264016983928700
0.944209048276758334
0.944154638583209804
0.944101015957210410
0.944048435431060540
0.943997124422231382
0.943947301423815111
0.943899247751318393
0.943853146965103806
0.943809259320021021
0.943767825593410437
0.943729050201733255
0.943693153092552528
0.943660341353357857
0.943630824448738137
0.943604754941831381
0.943582345578570569
0.943563739900565746
0.943549082010709972
0.943538523257636652
0.943532157056437670
0.943530078507620051
0.943532397555127633
0.943539159607759470
0.943550401902861435
0.943566154345240604
0.943586407087696699
0.943611131534412562
0.943640345095114963
0.943673926398005070
0.943711808447359912
0.943753870250129578
0.943800045348924144
0.943850149991039888
0.943904040619166218
0.943961495631558956
0.944022390824722391
0.944086444690887427
0.944153479109308247
0.944223250562420513
0.944295487876400719
0.944369920334795276
0.944446345392013997
0.944524407437747460
0.944603880006354979
0.944684487634278924
0.944765925245416693
0.944847929924192531
0.944930217364865821
0.945012553174981340
0.945094645467186911
0.945176266212159666
0.945257165839281988
0.945337115108189074
0.945415911965445721
0.945493393902662405
0.945569348112935359
0.945643614608530969
0.945716097814877754
0.945786657740381842
0.945855218822905575
0.945921672457892160
0.945985998624458979
0.946048127731579980
0.946108077498096001
0.946165844646792431
0.946221462710107653
0.946274947460305049
0.946326359997168076
0.946375799167526899
0.946423317519005325
0.946469034848314905
0.946513020016709117
0.946555367864788444
0.946596235512106587
0.946635708936462428
0.946673890936623685
0.946710879502410951
0.946746792361794598
0.946781738351643920
0.946815738017755648
0.946848929411503781
0.946881348316018778
0.946913012184912972
0.946943948950779602
0.946974204752982329
0.947003724517849865
0.947032488133029426
0.947060470716914127
0.947087577996504892
0.947113750328040571
0.947138838298245744
0.947162755151765956
0.947185345178587212
0.947206483640819941
0.947225977680641540
0.947243671125982845
0.947259410038294281
0.947272997414421059
0.947284249323769201
0.947292996678444466
0.947299093185781316
0.947302360566677715
0.947302688072824806
0.947299933597775756
0.947294028528134824
0.947284896952063304
0.947272489093284431
0.947256807705960879
0.947237908363867787
0.947215819909657974
0.947190691462450052
0.947162677307472167
0.947131952453877823
0.947098753702421359
0.947063383826343919
0.947026149938983708
0.946987380522527178
0.946947506702943920
0.946906938578845336
0.946866101929922266
0.946825483947652535
0.946785562743298725
0.946746848213699366
0.946709756062334318
0.946674849490193870
0.946642547704858450
0.946613330783021234
0.946587571619517787
0.946565696947476942
0.946548001324962973
0.946534787170602021
0.946526270911113854
0.946522608809545751
0.946523938313141078
0.946530230781657655
0.946541516880504585
0.946557622180376868
0.946578404069840063
0.946603624304428348
0.946632968230100569
0.946666090051168974
0.946702558367416569
0.946741966583846462
0.946783831024045064
0.946827645795735973
0.946872882906070523
0.946919092717515176
0.946965714903013289
0.947012332470343554
0.947058490984826418
0.947103761252591325
0.947147827755117633
0.947190373685051878
0.947231188667850277
0.947270045490786305
0.947306866144615012
0.947341599202229934
0.947374233541169231
0.947404840135349535
0.947433528605788000
0.947460454712095723
0.947485787089270337
0.947509687372636189
0.947532434627005982
0.947554172552912299
0.947575081020685328
0.947595352757519382
0.947615093231261585
0.947634373146744258
0.947653241514300193
0.947671633288552306
0.947689506413186389
0.947706643745577004
0.947722860508412257
0.947737901590071985
0.947751464723134540
0.947763162857056196
0.947772660640367803
0.947779559317100007
0.947783480488809227
0.947784093684974960
0.947781087553426826
0.947774239474435620
0.947763380989408488
0.947748437260318100
0.947729463490737611
0.947706589063708749
0.947680146847540650
0.947650540331859581
0.947618262350424123
0.947583993205028174
0.947548485628314063
0.947512502358668462
0.947476964515745812
0.947442765051144997
0.947410789598664871
0.947381900584817638
0.947356875613238114
0.947336399920236438
0.947321043500486515
0.947311144251950621
0.947306972513177414
0.947308530649120462
0.947315703971706058
0.947328119668441992
0.947345294616085964
0.947366580020669091
0.947391227259190782
0.947418420162447816
0.947447267948420269
0.947476938959242898
0.947506602177569990
0.947535528739762545
0.947563178065109812
0.947589007017793028
0.947612783313829365
0.947634334740304896
0.947653695078683800
0.947670989816247755
0.947686462066468782
0.947700491804932654
0.947713374553160182
0.947725495644998195
0.947737125370618161
0.947748484969724636
0.947759586894406980
0.947770386920639862
0.947780652976189963
0.947789971232467998
0.947797806214938920
0.947803497803046069
0.947806423282904542
0.947805834430985761
0.947801133698574660
0.947791783592358494
0.947777508530106561
0.947758240943515795
0.947734228757593278
0.947705950526383067
0.947674324786101696
0.947640405920470275
0.947605544574305902
0.947571215657893928
0.947538963329204842
0.947510206088963192
0.947486271496114529
0.947468121821973597
0.947456433151250055
0.947451440734125794
0.947452913187434631
0.947460249258722520
0.947472463216359140
0.947488334769354790
0.947506452649975683
0.947525454517664900
0.947544085330108365
0.947561286938515712
0.947576393005064799
0.947589059320670168
0.947599258958540580
0.947607302817235375
0.947613727085121926
0.947619128296806834
0.947623991513085295
0.947628729039714401
0.947633348816751098
0.947637605683870454
0.947640819783031385
0.947642081143268533
0.947640241923079274
0.947634168868356830
0.947622813381579165
0.947605577314736713
0.947582346919639051
0.947553624342427070
0.947520628644256901
0.947485146031961878
0.947449388138783655
0.947415779097807831
0.947386632707393206
0.947363796503492228
0.947348406759385031
0.947340787986093225
0.947340327023262208
0.947345635076229375
0.947354695853909190
0.947365430543364972
0.947375797074169523
0.947384296127359860
0.947390076055373176
0.947393022321890377
0.947393671883880240
0.947392870600065939
0.947391547245482357
0.947390183489275839
0.947388681889482775
0.947386240740882402
0.947381378647560668
0.947372305235934964
0.947357315573218117
0.947335297915590124
0.947306248607360568
0.947271411976647548
0.947233314496383594
0.947195345807351541
0.947161180681009629
0.947133864737908171
0.947115264115261923
0.947105568522488062
0.947103256676779193
0.947105543940347405
0.947109256079716189
0.947111586274952177
0.947110873918003637
0.947106936092978802
0.947100577860823356
0.947093206715592273
0.947085805544372161
0.947078182103050836
0.947068847944807946
0.947055312024353335
0.947034942895343179
0.947006197802087057
0.946969611628161734
0.946928094439802637
0.946886479514297386
0.946850010026288880
0.946822695912090784
0.946805850167174889
0.946797671630881577
0.946794107158697384
0.946790605622618742
0.946783993419545555
0.946773498616727549
0.946760496020123243
0.946746818652131061
0.946733081469308457
0.946717537849021684
0.946696642477439565
0.946666910897055236
0.946627416346424999
0.946581354764671645
0.946535354748109570
0.946496743764787207
0.946469888716574337
0.946453995853335006
0.946443822059929385
0.946433061996779013
0.946418025378829686
0.946399148967100867
0.946378966232419350
0.946358529556998507
0.946335107757529159
0.946303504584986910
0.946260504151609116
0.946209011760877461
0.946157962438505695
0.946117017855956588
0.946089934676956124
0.946072011404620716
0.946054541285814121
0.946032125256611844
0.946005734434315793
0.945978530011008067
0.945949344189206953
0.945911803753547775
0.945861227857645259
0.945802397022484587
0.945748307530868026
0.945709275734547550
0.945682969718196986
0.945658269980054977
0.945627828449231655
0.945593587552311154
0.945558327119588315
0.945516432550071673
0.945460169477266521
0.945394051548743231
0.945335136787488262
0.945294008639614769
0.945262217883861777
0.945226056177835838
0.945184336118318091
0.945140856803686202
0.945088490814259052
0.945019530338887970
