0.868900402050822196
0.868810188967820696
0.868721697277639260
0.868635009254957291
0.868550274740991224
0.868467577751069530
0.868387041394675485
0.868308824489324338
0.868232961647549373
0.868159647333769602
0.868088949448317160
0.868020984318627398
0.867955875890623507
0.867893740582795448
0.867834657791848540
0.867778782739992094
0.867726181551577991
0.867676978445932834
0.867631277225655917
0.867589181931914699
0.867550773941312081
0.867516169781724966
0.867485461460821838
0.867458704432680694
0.867436060668217324
0.867417549750782335
0.867403293397330466
0.867393368137231002
0.867387821616471655
0.867386771959434255
0.867390224371175966
0.867398295013905196
0.867411029563624814
0.867428497865857739
0.867450732635648425
0.867477803597396790
0.867509739998372664
0.867546568107624427
0.867588320081139286
0.867635063590668887
0.867686784212291951
0.867743517880301019
0.867805275241535723
0.867872046499619576
0.867943855814880205
0.868020693755879647
0.868102553981388025
0.868189383263052838
0.868281227335529038
0.868378019664339140
0.868479734790488900
0.868586322159915269
0.868697755042539654
0.868813963892853591
0.868934924329269665
0.869060546721422744
0.869190750885286301
0.869325505417331668
0.869464714289311047
0.869608261142136962
0.869756090302292062
0.869908101961932023
0.870064189211476324
0.870224224611993780
0.870388125135009516
0.870555765229259260
0.870726997120277568
0.870901733883897244
0.871079811698325823
0.871261129636159648
0.871445508496498267
0.871632802619887737
0.871822882083051032
0.872015621827438858
0.872210828748265277
0.872408343720459833
0.872607995777052614
0.872809684318261669
0.873013163276354587
0.873218333195295848
0.873424978501650906
0.873632932548675134
0.873842065574297888
0.874052140720129933
0.874263031700019955
0.874474544512344187
0.874686512905371361
0.874898771036442091
0.875111146912962878
0.875323450989237029
0.875535544462236914
0.875747222776931622
0.875958362119385936
0.876168783040424892
0.876378319065249101
0.876586819868386713
0.876794130035046471
0.877000103256762364
0.877204608951171139
0.877407515345891786
0.877608613609085708
0.877807853138993122
0.878005091146114247
0.878200172855256977
0.878393049338297538
0.878583532495409214
0.878771584370046099
0.878957080258278345
0.879139922999906842
0.879320059883619498
0.879497384541623406
0.879671841224364148
0.879843352612465712
0.880011907070421540
0.880177379985804809
0.880339785319264823
0.880499082322693138
0.880655232944968724
0.880808232146691683
0.880958038880479855
0.881104649504534376
0.881248065596131114
0.881388317480231831
0.881525396104344328
0.881659322444745097
0.881790138202193874
0.881917833208076707
0.882042474951807431
0.882164128826441796
0.882282771392433829
0.882398505363501617
0.882511398070173314
0.882621466547171662
0.882728818452852670
0.882833487879851386
0.882935559273133830
0.883035116852821989
0.883132225271108240
0.883226952948516608
0.883319411423040712
0.883409663005947143
0.883497768487791157
0.883583847551838830
0.883667988714868624
0.883750245314925409
0.883830690277534248
0.883909442180072946
0.883986541676435977
0.884062109536933538
0.884136184826552540
0.884208836807284237
0.884280152549288045
0.884350185360377905
0.884419005197454644
0.884486642586777005
0.884553159818545764
0.884618613656804609
0.884683037190081789
0.884746447255181367
0.884808871232867666
0.884870354629875511
0.884930907819839185
0.884990508213635563
0.885049177734926085
0.885106904134022598
0.885163670438902983
0.885219463355457648
0.885274250723294021
0.885327993060116114
0.885380646131571414
0.885432170703914556
0.885482473097652267
0.885531541880590689
0.885579285954437800
0.885625612211983548
0.885670418665509218
0.885713671656092383
0.885755252997689535
0.885795062850153525
0.885833012716496948
0.885868945475711378
0.885902830388151985
0.885934488300442857
0.885963872256960716
0.885990802237692554
0.886015227801317473
0.886036989242046102
0.886055988027413033
0.886072138661420761
0.886085321056080177
0.886095417041605549
0.886102407146302173
0.886106077058384622
0.886106463896628505
0.886103427900783114
0.886096946097504556
0.886086939857683054
0.886073380833798607
0.886056196566884946
0.886035430560525028
0.886011030133802890
0.885983041816167272
0.885951477290723766
0.885916369936993964
0.885877800959745443
0.885835784914915325
0.885790482923341504
0.885741950378887144
0.885690355716707178
0.885635798737820168
0.885578463731715559
0.885518522665814101
0.885456199371590036
0.885391663093640591
0.885325173137930022
0.885256963168644995
0.885187307403285439
0.885116472985074898
0.885044762199510116
0.884972452110776575
0.884899901161551483
0.884827390214313669
0.884755267398838030
0.884683883807126814
0.884613564993157908
0.884544667958946818
0.884477550492471121
0.884412571566599137
0.884350052419584975
0.884290359440601748
0.884233814870491130
0.884180762539383713
0.884131492087770532
0.884086365275184360
0.884045596792564448
0.884009540813105010
0.883978391309130251
0.883952409026179775
0.883931800987736271
0.883916754005739991
0.883907420270964694
0.883903937042515797
0.883906418462130361
0.883914929243775682
0.883929497930233454
0.883950174295968893
0.883976918102582387
0.884009658413573707
0.884048337727470046
0.884092820484698061
0.884142961678212824
0.884198604661761700
0.884259520730692028
0.884325455556551288
0.884396188718339693
0.884471396441946722
0.884550783605986934
0.884634026746083713
0.884720752854649128
0.884810594861525690
0.884903214034095109
0.884998187460765307
0.885095143816641894
0.885193644830062465
0.885293342449748888
0.885393799815328286
0.885494671811617784
0.885595535603170170
0.885696026599856467
0.885795835925948127
0.885894593932032737
0.885991961659502336
0.886087685305843031
0.886181495058806279
0.886273139424474943
0.886362407839432764
0.886449124038516723
0.886533141176239714
0.886614329407330093
0.886692622441421663
0.886767932970585426
0.886840259673255638
0.886909614457910278
0.886976009363456663
0.887039526041948356
0.887100251835052811
0.887158299379992021
0.887213820487820048
0.887266917673748101
0.887317800534294987
0.887366653803038252
0.887413603837961418
0.887458926574833828
0.887502747902413902
0.887545309993208797
0.887586755182367626
0.887627261479809304
0.887667006831458272
0.887706115572089338
0.887744709660666653
0.887782892547979596
0.887820695176467889
0.887858188182851338
0.887895360267796252
0.887932189775391345
0.887968616739299055
0.888004532123037094
0.888039781228222802
0.888074229481351840
0.888107672114233027
0.888139864604714724
0.888170551829964183
0.888199449471077651
0.888226280550335479
0.888250681202520043
0.888272341434197199
0.888290949646890926
0.888306169990088268
0.888317664452189515
0.888325151398419388
0.888328349851938537
0.888327006177576206
0.888320938026428308
0.888309968728756560
0.888293970142800648
0.888272891179331059
0.888246748122412444
0.888215659129861113
0.888179685701588562
0.888139150756544815
0.888094254193407484
0.888045433191116618
0.887993125632337232
0.887937794723484775
0.887880088575021875
0.887820573406413516
0.887759933276499269
0.887698959944935861
0.887638366596079309
0.887578943924378083
0.887521441682995516
0.887466694321839666
0.887415445880098797
0.887368397003620690
0.887326267452620998
0.887289679501239492
0.887259185171321296
0.887235246863680493
0.887218228199045833
0.887208440269011689
0.887206047116411933
0.887211123552804626
0.887223542375167651
0.887243239508231807
0.887269846086881420
0.887303023761372267
0.887342284455144403
0.887387079133323931
0.887436696812400339
0.887490481479348614
0.887547679801261813
0.887607520720139931
0.887669179388865137
0.887731885938578325
0.887794885995415672
0.887857469730046756
0.887918954609182354
0.887978753540525023
0.888036357552831501
0.888091359262686897
0.888143438369814131
0.888192382901233035
0.888238078262052699
0.888280539390224666
0.888319825561475263
0.888356140544555362
0.888389694044628642
0.888420850920578986
0.888449926940523049
0.888477333118288581
0.888503424992565072
0.888528627383769254
0.888553236487241938
0.888577553182213209
0.888601821628465904
0.888626130684453508
0.888650537877206603
0.888674951053603834
0.888699179673018036
0.888722940453541610
0.888745812027221471
0.888767244630957687
0.888786706882752409
0.888803521516717709
0.888816982530137079
0.888826386472445829
0.888831093374051751
0.888830450028713970
0.888823953638083530
0.888811205342685651
0.888791968606752469
0.888766173870094267
0.888733979041054556
0.888695743392196813
0.888652054160357197
0.888603702988214339
0.888551727054161300
0.888497285227829114
0.888441722489058949
0.888386473313466873
0.888332990844601711
0.888282765245439809
0.888237181328137004
0.888197597609267087
0.888165072026761093
0.888140481288694272
0.888124497586195605
0.888117427299113582
0.888119258364919673
0.888129746414717536
0.888148248025915410
0.888173946269986581
0.888205701477174703
0.888242291736515921
0.888282347067326228
0.888324433481275766
0.888367233122153821
0.888409446868557162
0.888449944448149287
0.888487874477557060
0.888522566267629821
0.888553681104619741
0.888581075760718986
0.888604947222492170
0.888625648920424505
0.888643748543108014
0.888659873719421123
0.888674712105419484
0.888688943312993085
0.888703069408491753
0.888717465544285101
0.888732206292764948
0.888747147174615892
0.888761803248929283
0.888775455641095058
0.888787107808564292
0.888795529200405499
0.888799584353441752
0.888797939060056663
0.888789563347971656
0.888773635010657870
0.888749634548843481
0.888717632621889297
0.888678171604935119
0.888632287194943027
0.888581583634685201
0.888528133759671990
0.888474251957866223
0.888422453250792055
0.888375230370669899
0.888334838737172339
0.888303116020108141
0.888281346818705964
0.888270164583650157
0.888269445951597181
0.888278319175904829
0.888295365733345998
0.888318612981122580
0.888345877157161845
0.888374826172040888
0.888403348745346322
0.888429668457780264
0.888452513241268949
0.888471212438746605
0.888485714886687483
0.888496497856455680
0.888504474389705146
0.888510695503963888
0.888516276275347572
0.888521996851788232
0.888528236065269761
0.888534736448612805
0.888540593875435158
0.888544376540780667
0.888544164072992193
0.888537941114711405
0.888523815374364756
0.888500477018185908
0.888467460806040332
0.888425338997962832
0.888375890355214803
0.888321957629348180
0.888267094453192407
0.888215309378005191
0.888170415076741770
0.888135475378086903
0.888112476885255520
0.888101903454591723
0.888102678288357761
0.888112561371533937
0.888128279180282476
0.888146325264381420
0.888163423383290129
0.888177141806664849
0.888186145599128785
0.888190395808555522
0.888190846803037504
0.888189082065241831
0.888186681952149115
0.888184670500579365
0.888182995965132283
0.888180378263633163
0.888174380192719881
0.888161941749649353
0.888140231302871785
0.888107369008313774
0.888063364076426165
0.888010424455786596
0.887952811475240300
0.887896195222746765
0.887846474272212971
0.887808406477812562
0.887784550122961980
0.887774596864252530
0.887775595602677603
0.887782776265198859
0.887790976526753539
0.887796010360615062
0.887795675274125062
0.887790068853229419
0.887780968790675251
0.887770695933361553
0.887760721145420928
0.887750514577642424
0.887737303888384899
0.887716841616144170
0.887685042111814981
0.887640056516116882
0.887583603341918215
0.887521324708577253
0.887461485954162077
0.887412125762241599
0.887378563326206460
0.887361153326020058
0.887355548627297597
0.887354655752881194
0.887351669929437370
0.887342728842147599
0.887327890471423797
0.887309946481196876
0.887291594002564077
0.887272769754533952
0.887249654618277983
0.887216292982113908
0.887168199090767051
0.887106228077068737
0.887037884835876977
0.886974747744926129
0.886927011615805005
0.886898258956556163
0.886883754392124413
0.886873708639040026
0.886859460039337022
0.886838001176559199
0.886811935647681127
0.886784880088776095
0.886756134219493064
0.886719343999085696
0.886667063448738579
0.886598391106439565
0.886522922394499369
0.886456466313038982
0.886410405313557637
0.886383529394397240
0.886364052372997757
0.886339949920155745
0.886307873869010443
0.886272052667536947
0.886234672932354806
0.886189370467002635
0.886126506720398388
0.886046312797421076
0.885964650184406510
0.885901392473460780
0.885861680006651886
0.885832269752031554
0.885797418738983322
0.885754200596124752
0.885707915953461544
0.885655704133259447
0.885585432461639899
0.885495520359973809
0.885406830486931695
0.885342542087884210
0.885300034245064094
0.885257752240173668
0.885205594221663894
0.885148718187227179
0.885082988222669176
0.884994380236502121
