0.979624564492744820
0.979599366463181465
0.979580754044151347
0.979568763209301085
0.979563479236945867
0.979564953764028190
0.979573217460156687
0.979588301977002640
0.979610284585366586
0.979639115394765669
0.979674918182863674
0.979717593621769023
0.979767221635339247
0.979823763009370574
0.979887262981351981
0.979957630834896398
0.980034910786922064
0.980119002342469181
0.980209947123321212
0.980307610541963359
0.980412035989855601
0.980523107069683375
0.980640721515929514
0.980764886351053633
0.980895490913937129
0.981032415361985599
0.981175582468118646
0.981324894715543627
0.981480230868948422
0.981641493206075633
0.981808531207400748
0.981981247891145048
0.982159444178319574
0.982343048491031379
0.982531869503878275
0.982725757699176028
0.982924550658055396
0.983128065748673396
0.983336139842917678
0.983548611721073995
0.983765278441262936
0.983985960016405037
0.984210427122066411
0.984438527749180947
0.984670052211980007
0.984904789234212652
0.985142510782552439
0.985382983323416117
0.985626053250422962
0.985871513808392108
0.986119055682541767
0.986368476712930375
0.986619598144091392
0.986872191534835519
0.987125996119882498
0.987380815060477590
0.987636395651535937
0.987892528277117488
0.988148958935026189
0.988405469592901320
0.988661858177245056
0.988917902699148033
0.989173321078469447
0.989427984221119661
0.989681613365641533
0.989934016150481821
0.990184967370798308
0.990434279345027813
0.990681725947647362
0.990927151628755665
0.991170305129825513
0.991411042182712809
0.991649180160457444
0.991884544993390072
0.992116910211508274
0.992346174551093974
0.992572178405327743
0.992794703694282243
0.993013700413645339
0.993228953891407973
0.993440398923174373
0.993647871614162126
0.993851305596267443
0.994050530850004943
0.994245507136699236
0.994436143791614047
0.994622341111552233
0.994804016363424082
0.994981136887402862
0.995153648014009740
0.995321514669698759
0.995484672975985418
0.995643159488232565
0.995796870111571031
0.995945871008818817
0.996090126175181778
0.996229682150691076
0.996364512242280953
0.996494683093956168
0.996620196791279889
0.996741148320622661
0.996857521219021381
0.996969416809515119
0.997076910838816666
0.997180066605627302
0.997278948411780330
0.997373654668975984
0.997464266547438028
0.997550911584420441
0.997633636043537497
0.997712619694663849
0.997787950061392981
0.997859709596196076
0.997928065827940025
0.997993103434087647
0.998054993518287747
0.998113831227507964
0.998169737040675686
0.998222865091182077
0.998273349388949516
0.998321302496335328
0.998366890225068970
0.998410170563812982
0.998451367536598910
0.998490505105939175
0.998527792047588569
0.998563326576796140
0.998597223975967285
0.998629581556960799
0.998660512993102212
0.998690127355671198
0.998718556634663468
0.998745855357338175
0.998772101291003023
0.998797415740029781
0.998821866725161378
0.998845509144279275
0.998868395607952042
0.998890602551710249
0.998912166767286225
0.998933112158230774
0.998953499120576516
0.998973348977058473
0.998992625853386218
0.999011368641221753
0.999029593829358520
0.999047259631109408
0.999064395412121109
0.999080914772411344
0.999096829704808398
0.999112072592117872
0.999126591982882228
0.999140368506927889
0.999153290937711214
0.999165330366686422
0.999176444628899540
0.999186477541406881
0.999195372990812736
0.999203085495384391
0.999209464039432671
0.999214484381923507
0.999218018119542362
0.999219955293897399
0.999220201515138906
0.999218700732192766
0.999215286850757112
0.999209931442593735
0.999202507269225881
0.999192942107069992
0.999181114610216747
0.999167018727891820
0.999150509316105828
0.999131518522364370
0.999110024782112638
0.999085965847852031
0.999059264442720640
0.999029873454204576
0.998997836874516487
0.998963078963985063
0.998925590616821069
0.998885418802989866
0.998842541018265750
0.998797001321107936
0.998748837911733300
0.998698108420608577
0.998644905903796176
0.998589284797074095
0.998531353078269901
0.998471204786967048
0.998408977524979702
0.998344839127346395
0.998278863094870239
0.998211292477240941
0.998142249795029191
0.998071975780905007
0.998000612012610477
0.997928430552611045
0.997855631190861958
0.997782420517226987
0.997709075396956746
0.997635853254698834
0.997562982771205142
0.997490739678010940
0.997419393974025792
0.997349217483543105
0.997280479240230555
0.997213468850085882
0.997148440352568111
0.997085675812719674
0.997025434841146807
0.996967999049443110
0.996913617789746409
0.996862539670647307
0.996815016666204645
0.996771280072015431
0.996731505779417049
0.996695929387401924
0.996664774847234036
0.996638181955270652
0.996616283694142790
0.996599278259878263
0.996587234933682731
0.996580269821945253
0.996578449630327934
0.996581841365981047
0.996590467865059337
0.996604341996785381
0.996623456904986660
0.996647737618062468
0.996677161030639192
0.996711597180508613
0.996750986964769270
0.996795133006744161
0.996843903140853027
0.996897119556201305
0.996954595118903275
0.997016077414634494
0.997081330953561329
0.997150096038241007
0.997222088161245024
0.997297024122453690
0.997374602909262498
0.997454471347171134
0.997536352983917185
0.997619907244051696
0.997704740480078622
0.997790556183675958
0.997877022099473709
0.997963759601529388
0.998050469949068875
0.998136781345658530
0.998222374966431736
0.998306969040166137
0.998390231431356190
0.998471847732454454
0.998551625770154327
0.998629279579060669
0.998704543283399526
0.998777262059778792
0.998847191998241235
0.998914231968322741
0.998978190772511820
0.999038952657959611
0.999096494183547845
0.999150708074649452
0.999201575952200161
0.999249081165714093
0.999293240373227865
0.999334097210142547
0.999371723800552503
0.999406216437086048
0.999437693379436221
0.999466270013617653
0.999492086749164566
0.999515319202242236
0.999536144335331445
0.999554727380324914
0.999571290178127625
0.999586001753385633
0.999599062516669856
0.999610682022816444
0.999621058695417286
0.999630356435861622
0.999638782398573955
0.999646510117145559
0.999653644142185716
0.999660364488235809
0.999666758184689086
0.999672953616074222
0.999679006686686078
0.999684983043102049
0.999690919423300350
0.999696783225940466
0.999702608099142576
0.999708299205280038
0.999713846286719221
0.999719117506613242
0.999724012316963395
0.999728435222540623
0.999732231803977522
0.999735226031876922
0.999737284283152894
0.999738204006475395
0.999737814760274013
0.999735975461359838
0.999732454653157965
0.999727127075787370
0.999719838212058343
0.999710439824220587
0.999698832130115678
0.999684874657083888
0.999668554494227535
0.999649817116638029
0.999628615036155743
0.999605038577070948
0.999579121465976494
0.999550968013389718
0.999520731535941676
0.999488585092380477
0.999454744734205036
0.999419453752993014
0.999383030324348387
0.999345755663154978
0.999308041301971595
0.999270196528173948
0.999232649181018062
0.999195781946949579
0.999160064008787208
0.999125855221608350
0.999093578773350366
0.999063682725287339
0.999036517097435128
0.999012474443787157
0.998991846533963779
0.998974978049997020
0.998962102164860033
0.998953440134386583
0.998949141277028385
0.998949325933473742
0.998954001541257353
0.998963189077412217
0.998976790412891336
0.998994670038735100
0.999016628894094039
0.999042437738081324
0.999071770172168860
0.999104268496189274
0.999139561072743376
0.999177166115630455
0.999216654879422683
0.999257543860117226
0.999299346359298957
0.999341508684828628
0.999383626493706601
0.999425187676681759
0.999465741359534254
0.999504888759491505
0.999542261131262211
0.999577517084128564
0.999610384459485135
0.999640688001340982
0.999668242383921157
0.999692981160195671
0.999714865264413444
0.999733953468855185
0.999750350812392941
0.999764173169430004
0.999775634966252769
0.999784981745438617
0.999792444802905411
0.999798301070916495
0.999802876461865275
0.999806435673425975
0.999809228118727300
0.999811565697106941
0.999813627875558053
0.999815584755192166
0.999817587822771414
0.999819733870679017
0.999821993396217357
0.999824399128863339
0.999826779760272566
0.999829061633323524
0.999831045903576410
0.999832491762870146
0.999833124400640760
0.999832730626628807
0.999830997234727126
0.999827660591792955
0.999822491430881533
0.999815319272312708
0.999805941869038817
0.999794336736480438
0.999780450527335773
0.999764358104495265
0.999746242607575719
0.999726341499098892
0.999704973767858829
0.999682538144331501
0.999659534947261119
0.999636498358682624
0.999613968118116092
0.999592535615943856
0.999572845165748403
0.999555420280771600
0.999540803224108321
0.999529460630632083
0.999521746846696479
0.999517980596560829
0.999518262580473049
0.999522680781509076
0.999531086149765602
0.999543289915612365
0.999558942038492160
0.999577603260813019
0.999598696855838575
0.999621607145636193
0.999645686778556253
0.999670249785778786
0.999694614497184442
0.999718161176720743
0.999740335320112417
0.999760640397670430
0.999778718631984864
0.999794355445193683
0.999807417647020191
0.999817901965466604
0.999825978409156213
0.999831838679699048
0.999835828352776179
0.999838341624894711
0.999839759868329958
0.999840495172506061
0.999840874484940634
0.999841179291359405
0.999841643450657069
0.999842329967635557
0.999843214303183014
0.999844183457221369
0.999844961105669450
0.999845279264014897
0.999844702141967301
0.999842911509363330
0.999839496958890628
0.999834176978718125
0.999826762760829602
0.999817169595616728
0.999805515267507383
0.999792060693962426
0.999777237733237678
0.999761588517151356
0.999745890613245702
0.999730833805666297
0.999717266349012257
0.999705947616284396
0.999697551057466605
0.999692579001219883
0.999691388101197953
0.999694034003348775
0.999700412498235380
0.999710112064678413
0.999722551103626844
0.999736969906468653
0.999752479104665692
0.999768190453287464
0.999783300599491720
0.999796959134850116
0.999808669413314699
0.999818079504357970
0.999825021799612523
0.999829639886299915
0.999832265024522049
0.999833314223779301
0.999833328366417140
0.999832846545993248
0.999832239059705308
0.999831848959396363
0.999831711818575219
0.999831752072288804
0.999831629762892860
0.999830893704319545
0.999829031084957243
0.999825602212842335
0.999820194633839976
0.999812711441594670
0.999803292106442365
0.999792359290263333
0.999780669308351744
0.999769081148558114
0.999758677462460832
0.999750433249272930
0.999745172720908237
0.999743457249102407
0.999745394542766008
0.999750761271323118
0.999758897343069108
0.999768801403915774
0.999779376086289640
0.999789501421898041
0.999798192987730538
0.999804823179299751
0.999809098328532486
0.999811175526643559
0.999811482430297827
0.999810659064806928
0.999809396557348462
0.999808173413811008
0.999807257955975581
0.999806488498054868
0.999805488562144573
0.999803595269647682
0.999800222294400798
0.999794882749634795
0.999787597033357955
0.999778731512126928
0.999769202818864167
0.999760232827094697
0.999753084703242756
0.999748845553524390
0.999748077769081700
0.999750740121227444
0.999756143521548180
0.999763041860998181
0.999770048307036863
0.999775829824467444
0.999779591128183598
0.999781056801836487
0.999780615511022819
0.999778989814047780
0.999777002436081141
0.999775194063183492
0.999773656137065814
0.999771876389881076
0.999769086132904383
0.999764594399971895
0.999758173025277919
0.999750234790539927
0.999742004399015838
0.999734971901571345
0.999730569778392031
0.999729592023337665
0.999731744734210892
0.999735890863850396
0.999740332588877734
0.999743524506063186
0.999744556655635108
0.999743479804391044
0.999741063810873354
0.999738321120564155
0.999735837500235314
0.999733343331608570
0.999730068330874300
0.999725137389812613
0.999718351234179736
0.999710589826309226
0.999703569243241441
0.999699006448504512
0.999697762217889974
0.999699211600584392
0.999701616309943364
0.999703009845654744
0.999702197446784235
0.999699463379320585
0.999695869665126691
0.999692380277494186
0.999688919987687830
0.999684567798012735
0.999678412603800082
0.999670817126266709
0.999663474250433337
0.999658459306430380
0.999656663164362747
0.999656952835509149
0.999656993069535926
0.999655036216292370
0.999651087667233984
0.999646419812592835
0.999641884005663783
0.999636955284778472
0.999630401374466571
0.999622360635981866
0.999614808477780170
0.999609965890215335
0.999607885051166378
0.999606339313649728
0.999602969310736555
0.999597630851197572
0.999591722177524566
0.999585840467908548
0.999578857931175402
0.999570215446248578
0.999561792053985432
0.999556032843220588
0.999552570156577613
0.999548521293980641
0.999542244326606544
0.999534925405151320
0.999527555402118351
0.999518988713725243
0.999509038934536687
