0.999845279264014897
0.999421079579046356
0.998744861828125052
0.997774579252452387
0.996523870005735835
0.995025232992273412
0.993257403483827406
0.991217046103107902
0.988925164186168604
0.986376834731141128
0.983577456381322324
0.980536210270557929
0.977239754206149724
0.973705931350391407
0.969955693831337951
0.965960185932026594
0.961726215787526151
0.957297753697946230
0.952652718981389812
0.947770386920639862
0.942698266268897189
0.937442224928567547
0.931968893346812211
0.926304261320954891
0.920473695569084427
0.914457281177567638
0.908261628219714789
0.901906488436375109
0.895388424248459547
0.888717465544285101
0.881900908435243713
0.874931362926992362
0.867831582324604223
0.860614746424514854
0.853257824523578234
0.845779204524111705
0.838212662345393267
0.830533993889273958
0.822739220692928375
0.814871524461575403
0.806926152992152201
0.798882905229588824
0.790772328464881435
0.782608472683241740
0.774375766600046589
0.766087895717710743
0.757759243699873686
0.749386414174624371
0.740981573514855607
