0.999726346709716496
0.999294446001815384
0.998775918820539732
0.997733470752936058
0.996459614439883068
0.995148850503150273
0.993368245340148559
0.991297774555503608
0.989216844453611577
0.986730885637899680
0.983916853596110919
0.981108909102811677
0.977963128404054971
0.974461877140160415
0.970979922682500662
0.967236156623949239
0.963114753667429713
0.959013835217212729
0.954741237151334743
0.950083717605001099
0.945425392129680131
0.940689124897502560
0.935590457644163265
0.930452341695533036
0.925313026321317289
0.919865120216707743
0.914341010846621782
0.908864527659359434
0.903148517522196936
0.897336738138263090
0.891600816204673352
0.885691942426388379
0.879683147464558335
0.873771691255563532
0.867747704158090771
0.861623848996833641
0.855615358244937063
0.849556145431583198
0.843397381308976901
0.837360146777342607
0.831337850058690542
0.825225500948028490
0.819222993721495207
0.813294665912791093
0.807303704372553610
0.801400850661805553
0.795611098622702739
0.789800002687747194
0.784060319767456604
0.778449783224821834
