0.999887012373694817
0.999614602906717775
0.999203260797888571
0.998572714917444482
0.997759407630432360
0.996817590428535905
0.995674220013492040
0.994329206951065747
0.992855493211577955
0.991201895145301326
0.989335932165335552
0.987334108707715541
0.985174121186543572
0.982798399209005025
0.980275254936058271
0.977614757197324380
0.974742741556479220
0.971707308438877093
0.968552446496388053
0.965200284482230719
0.961666198227846380
0.958022597376326890
0.954206269390312611
0.950193351159431376
0.946068786545466334
0.941801322481040870
0.937333429931165418
0.932741691118571303
0.928033964873541062
0.923134908025038059
0.918096194604676397
0.912960458609337611
0.907652268821456110
0.902190763463279310
0.896642743209370430
0.890946848810027059
0.885088750801342417
0.879147194681092148
0.873085560093236790
0.866859229823383259
0.860545252458916887
0.854139838545876606
0.847576064410616503
0.840914226255485064
0.834186020429686148
0.827316575221578976
0.820336344859105226
0.813306461368186850
0.806161682521632228
0.798896967371615419
