0.997189496217341098
0.997268744463021051
0.997351706177390773
0.997437954290915418
0.997527010631693023
0.997618487330651282
0.997711914481288820
0.997806801678506883
0.997902695715257138
0.997999090915600351
0.998095545386697647
0.998191610132142748
0.998286800226522608
0.998380731998489312
0.998472974594086016
0.998563114941278029
0.998650785548852116
0.998735704948152336
0.998817565358579795
0.998896035887351097
0.998970948857171748
0.999042072283944371
0.999109283762365075
0.999172458136563968
0.999231517032661221
0.999286432965257321
0.999337204932806866
0.999383887886757694
0.999426583639296706
0.999465357230392093
0.999500420479090379
0.999531912392604194
0.999560082818284124
0.999585075883896224
0.999607226232662183
0.999626729134937220
0.999643901868141893
0.999658995803863859
0.999672261606666113
0.999683995382187662
0.999694449494528015
0.999703871082500584
0.999712454221984737
0.999720428166408936
0.999727963363002514
0.999735194551625961
0.999742258089903135
0.999749190927768705
0.999756075635843344
0.999762879460583065
0.999769619598763870
0.999776200632443879
0.999782481266974110
0.999788403842547635
0.999793752531350832
0.999798324905947000
0.999801960145905610
0.999804392694059518
0.999805396016785530
0.999804728249908514
0.999802152467291094
0.999797429219848821
0.999790325913608502
0.999780635747634872
0.999768234733632966
0.999752982346360231
0.999734731265823462
0.999713494026132521
0.999689240237141674
0.999662054677572742
0.999632006038396415
0.999599301108388905
0.999564173820684410
0.999526898441910006
0.999487845439804068
0.999447394114075793
0.999405944726888262
0.999364073973504574
0.999322266164304640
0.999281090470074296
0.999241064145636293
0.999202833141894065
0.999166914128262640
0.999133886622832645
0.999104305594561759
0.999078674661820210
0.999057371862052901
0.999040823324773952
0.999029381440896258
0.999023262977976167
0.999022650453720296
0.999027598396925565
0.999038125331139559
0.999054079232952086
0.999075284128238761
0.999101448508984968
0.999132205287263986
0.999167054970705126
0.999205515919680543
0.999246985720379732
0.999290837320715997
0.999336404442309645
0.999383030376879811
0.999430028019390404
0.999476713975652187
0.999522476046499353
0.999566725247511223
0.999608922937936351
0.999648618920097487
0.999685394933874760
0.999719015498879204
0.999749247782529160
0.999776002655908380
0.999799268410525355
0.999819142464862365
0.999835797345201671
0.999849471945136181
0.999860468259108126
0.999869154584169473
0.999875904306432473
0.999881111287920121
0.999885185783806918
0.999888443626098411
0.999891274106166517
0.999893930037692336
0.999896577504013395
0.999899376321637612
0.999902340680731916
0.999905461989507693
0.999908537137390141
0.999911422966798691
0.999913824962851638
0.999915390022359296
0.999915752439993533
0.999914577604586685
0.999911441998911354
0.999906077576064534
0.999898163706628429
0.999887504290729479
0.999874060588793356
0.999857836174463555
0.999838958470023798
0.999817750993362231
0.999794627469600905
0.999770125186536851
0.999744870251696560
0.999719637771315339
0.999695172490658979
0.999672329028131301
0.999651889955162187
0.999634631718180344
0.999621183408678227
0.999612157172635851
0.999607926307640837
0.999608722874619771
0.999614553345190671
0.999625296158518362
0.999640624361871066
0.999659918694281169
0.999682578155879575
0.999707733614291216
0.999734514864550561
0.999762001631193775
0.999789242689465230
0.999815409681214740
0.999839734350560949
0.999861641819377533
0.999880680683950862
0.999896619558101718
0.999909404159616266
0.999919190516086132
0.999926270924533234
0.999931122693492491
0.999934216158655742
0.999936105493053784
0.999937325713546876
0.999938337260955601
0.999939431094464037
0.999940781930579115
0.999942414428910187
0.999944160043928165
0.999945638729914932
0.999946456715157472
0.999946078681368533
0.999943976911738863
0.999939642719729238
0.999932796538939295
0.999923286475715267
0.999911179555963425
0.999896786104603752
0.999880734201333277
0.999863850502573648
0.999847095173348910
0.999831570885996723
0.999818345331574876
0.999808435086700364
0.999802580066859625
0.999801302688826943
0.999804807709195331
0.999812805195305132
0.999824791870949636
0.999839900439004170
0.999857005213770189
0.999874901387112769
0.999892412290670274
0.999908403985260708
0.999922157454397276
0.999933073355440682
0.999941069881063127
0.999946318141408108
0.999949304271680051
0.999950692535868546
0.999951213019434237
0.999951478272469996
0.999951957235073685
0.999952769590060964
0.999953789185967890
0.999954524735417682
0.999954375506669435
0.999952617776337371
0.999948663165113882
0.999942155486278961
0.999933125845303583
0.999922103536750928
0.999910005747990382
0.999898081584488785
0.999887717916606800
0.999880302354765549
0.999876813307580714
0.999877786875180474
0.999883155953444236
0.999892196838795377
0.999903698350054992
0.999916167726948468
0.999928059694016880
0.999938148474548538
0.999945644884241314
0.999950343218754201
0.999952669222827661
0.999953329964431314
0.999953283925800518
0.999953255154852783
0.999953577394908089
0.999954120512828615
0.999954235875841979
0.999953003643949345
0.999949652817960444
0.999943831386820525
0.999935809070324755
0.999926590313750197
0.999917797477435588
0.999911130968561990
0.999908058183598625
0.999909297248250950
0.999914541256112788
0.999922584044269480
0.999931666248390583
0.999939861358718818
0.999945894773823341
0.999949243951315458
0.999950332136617104
0.999950172266376613
0.999949823817148475
0.999949839814774144
0.999949985924420526
0.999949346441648790
0.999946863464522551
0.999941960479721614
0.999935104900862792
0.999927790443439268
0.999922138264067839
0.999919961955962222
0.999921959518040526
0.999927286320041131
0.999934025820884642
0.999939894207490187
0.999943461107424159
0.999944538271689720
0.999944184581863404
0.999943620943476330
0.999943447401193453
0.999943006734028139
0.999941040105730594
0.999936769215506338
0.999930784654404547
0.999925208313526048
0.999922421394754402
0.999923621112772332
0.999927962383266644
0.999932891350059028
0.999936111281936379
0.999936871562780438
0.999936197692584572
0.999935491065224724
0.999935011393852546
0.999933515665765493
0.999929850103900342
0.999924582386954142
0.999920295967045791
0.999919467408761031
