0.999969460714963287
0.999904209531638055
0.999806054991161153
0.999672439560824744
0.999502114379344775
0.999297945032328494
0.999060659993508904
0.998787353922691690
0.998477941230468624
0.998135510505816281
0.997759565657220016
0.997347326477314500
0.996899942992815480
0.996420166299707422
0.995906443123202312
0.995356567299688355
0.994772721838159457
0.994156915151611087
0.993506787524658264
0.992821051022783951
0.992102613817237189
0.991352437169986889
0.990567715752980638
0.989748384387089231
0.988897551250927820
0.988015017342634194
0.987098071599591620
0.986147830781206602
0.985167135335497712
0.984154720884623968
