0.997135943323944396
0.997215084159219334
0.997297916842587395
0.997384043765202843
0.997473000352565475
0.997564376430053690
0.997657655577014468
0.997752402725379017
0.997848155323155739
0.997944406809370022
0.998040718565497476
0.998136620793087515
0.998231665300447490
0.998325415603392052
0.998417443893902301
0.998507397240367300
0.998594897225564160
0.998679607888588228
0.998761222337959276
0.998839478150946536
0.998914146891959120
0.998985022488345753
0.999051977031451877
0.999114873264945413
0.999173639928275903
0.999228263977973596
0.999278730170622964
0.999325127541479619
0.999367476438708713
0.999405950406349608
0.999440667833309648
0.999471798499932507
0.999499576920465538
0.999524243781139798
0.999546013114825826
0.999565185661262068
0.999581978867522203
0.999596699224718388
0.999609607426687474
0.999620966118095922
0.999631057163746450
0.999640141667466509
0.999648365006250650
0.999656018254091117
0.999663221392351309
0.999670156230750950
0.999676907747767407
0.999683593756542033
0.999690189132002582
0.999696786250930169
0.999703265326522428
0.999709630745111433
0.999715769604015425
0.999721509936656982
0.999726718709817552
0.999731199460517694
0.999734730313802555
0.999737093146175648
0.999738058957378550
0.999737380536340536
0.999734821264933515
0.999730081907898804
0.999723052091736841
0.999713456627871588
0.999701112803434322
0.999685967844782364
0.999667829263480412
0.999646723826692285
0.999622630704505299
0.999595576594488056
0.999565695530544640
0.999533179165433605
0.999498202905070854
0.999461092151164854
0.999422207083084491
0.999381878735762785
0.999340624455228421
0.999298893406401767
0.999257216835258033
0.999216133483373570
0.999176222694778571
0.999138040602242095
0.999102201779224375
0.999069221139306074
0.999039655240227420
0.999014002313185379
0.998992695351353710
0.998976116347929377
0.998964636401944661
0.998958439353597738
0.998957726655869904
0.998962595721778701
0.998972980375705033
0.998988817526958228
0.999009871923169812
0.999035854293732317
0.999066398390845989
0.999101085870314654
0.999139351705581213
0.999180586023522443
0.999224209151256093
0.999269569065038721
0.999315930821752740
0.999362644320864524
0.999409062989666808
0.999454513589750682
0.999498436770812404
0.999540279667667342
0.999579606699544598
0.999616023415255128
0.999649242168862417
0.999679047582427649
0.999705354861947115
0.999728169070586814
0.999747556208563259
0.999763722830608104
0.999776888264589103
0.999787394149560749
0.999795574280697652
0.999801820429412791
0.999806487996853566
0.999810052482564271
0.999812852418450082
0.999815201518016394
0.999817395195257586
0.999819636348751484
0.999822051281962332
0.999824666697414544
0.999827467916627466
0.999830286810953650
0.999832934898990500
0.999835145570481254
0.999836558140482001
0.999836839284753864
0.999835606946550159
0.999832460189631678
0.999827071337124673
0.999819209124523933
0.999808650739422156
0.999795306820071894
0.999779181200367240
0.999760424160143990
0.999739336311057825
0.999716325125256655
0.999691923709114638
0.999666769378216080
0.999641594860797511
0.999617153800615332
0.999594318772605406
0.999573847868832521
0.999556518850840958
0.999542989112227720
0.999533823604104033
0.999529419948246511
0.999530000511975936
0.999535622242943456
0.999546110536090771
0.999561119608641580
0.999580134391804709
0.999602442414645798
0.999627215738141284
0.999653597822386830
0.999680630856661478
0.999707418200025733
0.999733097090242051
0.999756896486906133
0.999778229498649251
0.999796654780666261
0.999811961485535639
0.999824069640295132
0.999833174992029061
0.999839563570296463
0.999843680643687449
0.999846048534221210
0.999847247161942398
0.999847801448328188
0.999848184598743583
0.999848663770502633
0.999849488257731900
0.999850646737721949
0.999851970436110959
0.999853134206483585
0.999853675099530936
0.999853098762831571
0.999850848530450143
0.999846468333608240
0.999839580895346858
0.999830070268106774
0.999817949000950112
0.999803607233107572
0.999787578060622351
0.999770645694295523
0.999753830465771043
0.999738172490365007
0.999724797541358678
0.999714637040325926
0.999708531962071878
0.999706904565514920
0.999709995463054391
0.999717547553807151
0.999729043225011771
0.999743599637391012
0.999760088057750185
0.999777337838097746
0.999794106334606747
0.999809356094013446
0.999822260565809029
0.999832311741047697
0.999839353442495526
0.999843651817789336
0.999845653595341166
0.999846070963517186
0.999845642547183555
0.999845044602869826
0.999844691944162478
0.999844771883575234
0.999845177406220365
0.999845412075668016
0.999844856823984496
0.999842791420776811
0.999838598897075270
0.999831915437499275
0.999822746076135749
0.999811563808285841
0.999799263803074156
0.999787085585814528
0.999776419784206616
0.999768567655594631
0.999764559226487881
0.999764954939803663
0.999769613854646355
0.999777861445457106
0.999788511528839963
0.999800020313906579
0.999810884956652268
0.999819842725027219
0.999826114903079821
0.999829549212556956
0.999830537343542991
0.999829905443360589
0.999828591944806888
0.999827401823238926
0.999826701550672103
0.999826350199251701
0.999825718536912045
0.999823937138316188
0.999820117112146578
0.999813873473774040
0.999805451353454111
0.999795786417579491
0.999786465226907950
0.999779139759083058
0.999775287045628680
0.999775598722382863
0.999779781816639956
0.999786623763789573
0.999794338271633554
0.999801102615027748
0.999805507693058204
0.999807162208854683
0.999806524241075301
0.999804660979882298
0.999802724137294319
0.999801335458524454
0.999800263142848311
0.999798624373076983
0.999795334837447425
0.999789668018611022
0.999782079244632915
0.999773932464649850
0.999767299054254432
0.999763941112938759
0.999764540400605584
0.999768285477449781
0.999773203431134960
0.999777113730958122
0.999778522479490395
0.999777365353369585
0.999774789957505128
0.999772165481508157
0.999770169882215565
0.999768206231384071
0.999764960080309240
0.999759505724866826
0.999752337270754188
0.999745389420935160
0.999740995532035992
0.999740335066819252
0.999742497389800366
0.999744967682937413
0.999745495315777943
0.999743386322679339
0.999739880438441975
0.999736595245937831
0.999733859571990457
0.999730460750475447
0.999725075477747804
0.999718086222632918
0.999711801683976997
0.999708624055627104
