0.943775727037053924
0.943812991572305138
0.943854694499500435
0.943900673504989851
0.943950785912327617
0.944004845858951946
0.944062660328000902
0.944124025598438887
0.944188686914060660
0.944256425900572571
0.944326948136264166
0.944400003386132170
0.944475309850621003
0.944552569912180506
0.944631476313241847
0.944711724858759649
0.944793062244632664
0.944875140894065768
0.944957691190930538
0.945040414799373618
0.945123067867718603
0.945205349293078756
0.945287068264772601
0.945367928578918937
0.945447755157642677
0.945526345877440333
0.945603541930812863
0.945679172229917375
0.945753114031460118
0.945825224299892908
0.945895482918974517
0.945963787431911562
0.946030129184522450
0.946094436553268636
0.946156753712308451
0.946217062295594213
0.946275414759414568
0.946331839622088444
0.946386409173914256
0.946439193255353528
0.946490241412761835
0.946539598208596233
0.946587390304567400
0.946633666402302953
0.946678511560795966
0.946721930959921965
0.946764011359745861
0.946804787621522759
0.946844272533903242
0.946882480256050263
0.946919401272234729
0.946955006388583431
0.946989218962799084
0.947022045804295387
0.947053342258096231
0.947083052592543106
0.947111072007030375
0.947137251658467072
0.947161507717312445
0.947183647622821479
0.947203553770898377
0.947221077076389362
0.947236077193705173
0.947248397405476505
0.947257941622135946
0.947264559286159269
0.947268140481616783
0.947268644767199186
0.947266001775601718
0.947260176298142631
0.947251199658636245
0.947239058476878726
0.947223830085962226
0.947205664334151876
0.947184677333978930
0.947161054956025872
0.947135055728113295
0.947106917664979120
0.947076940753234786
0.947045474728809955
0.947012907419689354
0.946979621848165865
0.946946054320254804
0.946912622043131202
0.946879801014067324
0.946848034362130164
0.946817798443367220
0.946789537404817860
0.946763685527993171
0.946740642237774321
0.946720829588059920
0.946704520513573011
0.946692054653635484
0.946683660494009982
0.946679536858121340
0.946679779724455051
0.946684467621739634
0.946693580784384148
0.946707056105802525
0.946724777069704260
0.946746460958797442
0.946771924188930747
0.946800817197762434
0.946832788020339877
0.946867458409324625
0.946904372524423499
0.946943099083604745
0.946983206307717817
0.947024252022384716
0.947065807602001319
0.947107476609071797
0.947148914920950102
0.947189772152416398
0.947229796291481074
0.947268761386763081
0.947306514174407921
0.947342903657527047
0.947377941184698091
0.947411532052495953
0.947443755849611713
0.947474638089393251
0.947504245608024376
0.947532667518472205
0.947559993213387908
0.947586250510283001
0.947611495446137542
0.947635751495325307
0.947658930865639793
0.947681037045863484
0.947701859233106902
0.947721304942313880
0.947739122190402128
0.947755115362243439
0.947768964326242691
0.947780410723110256
0.947789179773845802
0.947795004992261880
0.947797635271818040
0.947796882260246831
0.947792620150981868
0.947784755637282927
0.947773360211257132
0.947758515100031729
0.947740450970584125
0.947719489589313513
0.947696051822941921
0.947670645981154025
0.947643892333237647
0.947616437434315229
0.947589001925362662
0.947562348077113481
0.947537209417561810
0.947514289800975851
0.947494280577478531
0.947477709568150583
0.947465050482519389
0.947456697717845575
0.947452780557868746
0.947453352479831645
0.947458306195113953
0.947467367530432703
0.947480106099960917
0.947496027994096823
0.947514542677395988
0.947535003670626819
0.947556761759845712
0.947579180082373740
0.947601747957692142
0.947623971310794677
0.947645530264307978
0.947666112177952047
0.947685680134430330
0.947704192378931665
0.947721689261093347
0.947738318931749091
0.947754166609160342
0.947769311054208474
0.947783767610463568
0.947797481140131959
0.947810249343379985
0.947821745388156556
0.947831608529713820
0.947839299395902612
0.947844310906197363
0.947846142712258866
0.947844290299792891
0.947838441110044005
0.947828402281310156
0.947814174570898227
0.947796019605237516
0.947774449815975917
0.947750154187428140
0.947724119219946926
0.947697377778766725
0.947671172543548490
0.947646640283448916
0.947624885933000094
0.947606833599602294
0.947593170431104359
0.947584248443025357
0.947580105534687633
0.947580410303383358
0.947584606833286380
0.947591820559660625
0.947601151201867831
0.947611616506989995
0.947622354702232106
0.947632693863498909
0.947642242516393285
0.947650822937587178
0.947658530716891434
0.947665555495208700
0.947672149019647136
0.947678428444000964
0.947684395649101896
0.947689697502050343
0.947693735822757399
0.947695702675243834
0.947694612642771994
0.947689543344824581
0.947679779632822461
0.947664930313866449
0.947645108675541747
0.947620991766340626
0.947593807864791526
0.947565144945672122
0.947536874686521147
0.947510873379809770
0.947488740645798688
0.947471569316523321
0.947459819444579798
0.947453234560028834
0.947450879114645317
0.947451418233100418
0.947453351166956170
0.947455304361604855
0.947456423678107340
0.947456328192898267
0.947455246160791575
0.947453657464041199
0.947452078987201074
0.947450648200378387
0.947448882262163394
0.947445674366991120
0.947439448098906345
0.947428548653768798
0.947411783505795801
0.947388823226254728
0.947360476849909872
0.947328685142716398
0.947296219989055444
0.947266070229089374
0.947240745853117350
0.947221680939136834
0.947208825994242609
0.947200823663495006
0.947195400523269226
0.947190234189286717
0.947183729660175833
0.947175454265275274
0.947166088585414179
0.947156682945255790
0.947147893995900492
0.947139058462214134
0.947128194989725336
0.947112633866942444
0.947090091306447945
0.947060051081946797
0.947024273324206467
0.946986580481469220
0.946951617740050655
0.946923076976114664
0.946902315290961361
0.946887815466412319
0.946876155316129786
0.946863769464888705
0.946848789372456756
0.946831782364289998
0.946814658774233875
0.946798522760053274
0.946782054632078318
0.946761446197269207
0.946732913486723615
0.946695344173414166
0.946652056262879404
0.946609516664293160
0.946574057079192288
0.946548017594807445
0.946528637821113183
0.946510203464820399
0.946488570804918661
0.946463791084891093
0.946438925313531465
0.946415302737507846
0.946389586548844752
0.946355707778432143
0.946311011658464318
0.946260239256644042
0.946213227218259845
0.946177014170701880
