0.881738220567007569
0.881743752476349951
0.881756420448224776
0.881776271333504891
0.881803319063666269
0.881837515434107932
0.881878753428754547
0.881926926390654176
0.881981826404349634
0.882043236421962362
0.882110900432412914
0.882184543024840506
0.882263796626020613
0.882348284618815204
0.882437654541246563
0.882531403434505091
0.882629123222671841
0.882730354716077970
0.882834591743276498
0.882941342628713932
0.883050111694959616
0.883160392879003719
0.883271685135749829
0.883383509403977474
0.883495337012249360
0.883606777622979678
0.883717380657736751
0.883826725842812411
0.883934422431131628
0.884040141023141102
0.884143563871730431
0.884244432700075134
0.884342483822053382
0.884437565882852161
0.884529513121518285
0.884618217672473950
0.884703617632839778
0.884785720610215876
0.884864477635879831
0.884939993175233752
0.885012367651473841
0.885081653962024983
0.885148046409210187
0.885211679749833724
0.885272745810581685
0.885331415136866973
0.885387921903970421
0.885442431148100950
0.885495148257074760
0.885546264213634582
0.885595911359637222
0.885644281942121636
0.885691449615848336
0.885737557669483588
0.885782614965586745
0.885826680777711317
0.885869740308090847
0.885911691633383680
0.885952475315215704
0.885991945689131866
0.886029908845785807
0.886066160668918301
0.886100455071662130
0.886132475839362610
0.886161939942921584
0.886188511301032045
0.886211817748964736
0.886231559361599919
0.886247290534699861
0.886258762989966531
0.886265619556393380
0.886267539056803555
0.886264310723587356
0.886255696441933360
0.886241595025574980
0.886221882859574372
0.886196551704160895
0.886165701341748879
0.886129464056880312
0.886088107988276197
0.886041962297079877
0.885991482369011818
0.885937167791945090
0.885879632163378061
0.885819584347606659
0.885757777334753915
0.885695038568090842
0.885632269107441639
0.885570367858225960
0.885510265204013769
0.885452916922109590
0.885399249104605879
0.885350134932782917
0.885306381623790273
0.885268814879592525
0.885238081611064209
0.885214739862655198
0.885199255190736944
0.885191939235354774
0.885192972353447849
0.885202366281511277
0.885220021360883402
0.885245676126176440
0.885278927546809036
0.885319205210864157
0.885365873186912844
0.885418185482778730
0.885475293548096509
0.885536294427771931
0.885600271564985331
0.885666226994512362
0.885733285162456974
0.885800537307920965
0.885867174967988613
0.885932432626141297
0.885995713076038860
0.886056449290208770
0.886114265821399516
0.886168883053218726
0.886220168646799533
0.886268144328132834
0.886312871554713833
0.886354574220033609
0.886393505075640631
0.886430009013127740
0.886464444303532662
0.886497192109200527
0.886528590126900107
0.886558910436697545
0.886588398031551872
0.886617138560686691
0.886645173940315723
0.886672369942305916
0.886698471342194927
0.886723150828111262
0.886745862906524351
0.886766065773891055
0.886783052951038542
0.886796093797705631
0.886804504194588228
0.886807544171228423
0.886804569854006131
0.886795103445544575
0.886778726687934116
0.886755329218617994
0.886724964016455841
0.886687916238995899
0.886644805080740284
0.886596493176342704
0.886544042717249514
0.886488804808935993
0.886432338362424410
0.886376221352657478
0.886322259392059331
0.886272111153206477
0.886227420120034637
0.886189635730158520
0.886160004987638472
0.886139427200435370
0.886128453777228597
0.886127292262086752
0.886135711695265949
0.886153112030398926
0.886178559216724615
0.886210760678098675
0.886248277820799291
0.886289527993372683
0.886332884615372296
0.886376762621272185
0.886419816415596640
0.886460851237312331
0.886499037795234091
0.886533791752302847
0.886564974016961438
0.886592638221626372
0.886617175110212763
0.886639121391872287
0.886659109425040892
0.886677729978445517
0.886695515789010624
0.886712785544056969
0.886729502729891705
0.886745429753777348
0.886759892467658628
0.886771973033022243
0.886780533736756582
0.886784234680270789
0.886781756767952678
0.886771943750173430
0.886753931648465166
0.886727261935738698
0.886692116691317977
0.886649191813462800
0.886599973956965770
0.886546398690279847
0.886491061142222425
0.886436736219503141
0.886386358980603806
0.886342642857264162
0.886307891866510600
0.886283748803701754
0.886271014312442262
0.886269618512121604
0.886278513140395852
0.886295958397574801
0.886319621684122483
0.886346874721561262
0.886375169950189723
0.886402213589536525
0.886426379601591319
0.886446696247231825
0.886462986770471750
0.886475684888344717
0.886485668310035946
0.886494030907324926
0.886501604763769269
0.886508873106845341
0.886515598939352167
0.886520797767961444
0.886522825289473571
0.886519586531042791
0.886508882679106436
0.886488850036271869
0.886458377014773258
0.886417594780290918
0.886367993627776740
0.886312469882877263
0.886254992171009559
0.886200108194790448
0.886152343547878973
0.886115377536770166
0.886091454130523370
0.886080925845219025
0.886082295065437786
0.886092475647460409
0.886107529984606068
0.886123427845036948
0.886136943116678344
0.886146123574510280
0.886150675580992253
0.886151503556958597
0.886150224084019111
0.886148299752565372
0.886146190410696422
0.886142942562939018
0.886136105791784368
0.886122311350178826
0.886098198111057944
0.886061661015255075
0.886012863027529129
0.885954713381670200
0.885892764775825348
0.885833899612666120
0.885784865447394210
0.885750325161931085
0.885731615345940582
0.885726383903818193
0.885729460626432541
0.885734705697089009
0.885737031277697429
0.885733933215957059
0.885725893655548546
0.885715082543882426
0.885703759940956514
0.885692132528453135
0.885677514914725572
0.885655054388292506
0.885619751901777552
0.885569289946347094
0.885506160370801099
0.885437858298730784
0.885374720111173352
0.885325867170878800
0.885295581348523597
0.885281377256293411
0.885275614324191773
0.885269529963434332
0.885257586581922773
0.885239575244868959
0.885218788302981396
0.885197837956513522
0.885174938348444851
0.885143617640436142
0.885096683837283127
0.885032084320149015
0.884956683876630290
0.884884351496732724
0.884828663805255600
0.884794689993761097
0.884776115177554723
0.884760515385058288
0.884738585699932911
0.884709671155658461
0.884678601621036065
0.884646836240057133
0.884607570771063667
0.884550459498788633
0.884473157766243356
0.884388121777326064
0.884315763736084670
