0.983802049837910308
0.983857873987985299
0.983916684549606235
0.983978261778203689
0.984042309610075994
0.984108615121015329
0.984176847257708709
0.984246784082519754
0.984318065461769809
0.984390466119988927
0.984463683190744288
0.984537417099150103
0.984611406061660088
0.984685367721362281
0.984759026745332222
0.984832137686058262
0.984904490454466930
0.984975815693274304
0.985045924073984613
0.985114621734880402
0.985181764268359239
0.985247176098398958
0.985310720300121679
0.985372345552372186
0.985431896151219067
0.985489375126966882
0.985544681377878096
0.985597837874119587
0.985648828599901328
0.985697695801852847
0.985744454019646499
0.985789188300229879
0.985831931405337980
0.985872784041095351
0.985911822553360184
0.985949162048128880
0.985984900376737916
0.986019128805848966
0.986051950037383995
0.986083464018319256
0.986113788895989329
0.986142981417062359
0.986171122392494381
0.986198286664261348
0.986224500355131428
0.986249805561302373
0.986274233278102042
0.986297728659677242
0.986320309353724500
0.986341977278888837
0.986362589030892467
0.986382137441469520
0.986400530364938133
0.986417656281086686
0.986433435484355692
0.986447697920268651
0.986460353389999711
0.986471304553761863
0.986480369125833367
0.986487494057847747
0.986492535983123697
0.986495379378685699
0.986495975327061458
0.986494257271196551
0.986490167237035975
0.986483714203778783
0.986474862215944825
0.986463677101312109
0.986450235037285128
0.986434655045113962
0.986416989451097015
0.986397507227910864
0.986376304029845774
0.986353684666519737
0.986329852047256983
0.986305126074321525
0.986279763713962088
0.986254093096238016
0.986228463017534196
0.986203212485325165
0.986178678661379648
0.986155229050269533
0.986133165185536953
0.986112833333849803
0.986094540365619499
0.986078571360248124
0.986065143810535893
0.986054536151285910
0.986046928918131060
0.986042407537481846
0.986041113409951042
0.986043101710608716
0.986048377262836562
0.986056889912898527
0.986068560295655261
0.986083251081117274
0.986100776577335081
0.986120915670440801
0.986143427083913227
0.986168035649645836
0.986194475075889421
0.986222351509224993
0.986251422118784582
0.986281300185616439
0.986311685990254317
0.986342279726999949
0.986372766131722645
0.986402916393871010
0.986432468064436740
0.986461229214824709
0.986489084827301133
0.986515843879529397
0.986541489382184666
0.986565924548940765
0.986589206093750781
0.986611308865709136
0.986632320435512855
0.986652287409457873
0.986671311815254803
0.986689458234224825
0.986706834252079501
0.986723466382934955
0.986739477055531999
0.986754786634146286
0.986769483577656370
0.986783459132813734
0.986796681072204307
0.986809020039479123
0.986820360991295109
0.986830526806754982
0.986839341013583282
0.986846656878332174
0.986852228002655929
0.986855956002403834
0.986857659199906312
0.986857229703804406
0.986854628816316026
0.986849816289880777
0.986842893084657224
0.986833922554712917
0.986823115924203353
0.986810688260558622
0.986796933593487413
0.986782226989448619
0.986766952889201132
0.986751510544724875
0.986736332194956600
0.986721851891689372
0.986708499454116095
0.986696641315792045
0.986686617190063231
0.986678685863356608
0.986673092430200072
0.986669962672854894
0.986669316897206494
0.986671139282726761
0.986675321912349523
0.986681667575566745
0.986689947531051659
0.986699832090212170
0.986711043002431065
0.986723182972311430
0.986735927629728171
0.986748979457206410
0.986762039499927024
0.986774878803286515
0.986787325363333356
0.986799273628039209
0.986810681355291264
0.986821526120961079
0.986831911514952531
0.986841864855556805
0.986851471309001860
0.986860799395592347
0.986869858625644469
0.986878645904045060
0.986887026645971499
0.986894844932120985
0.986901905374763411
0.986907880035530427
0.986912549469041278
0.986915552422778064
0.986916641025590513
0.986915620180051967
0.986912390370699888
0.986906947219467368
0.986899447985798428
0.986890180032688358
0.986879489985298730
0.986867884172881848
0.986855915863340982
0.986844120512635148
0.986833049815512675
0.986823229494348420
0.986815039180205744
0.986808745866141757
0.986804501787048705
0.986802269134084198
0.986801879399103576
0.986803092794570236
0.986805513983844640
0.986808822630253379
0.986812556504489957
0.986816440534987960
0.986820188704879420
0.986823673492883358
0.986826867360956372
0.986829865327558009
0.986832763233140953
0.986835757228576305
0.986839001658112891
0.986842458778221188
0.986846099060096349
0.986849616629681736
0.986852634473794232
0.986854622612842847
0.986855104765053892
0.986853531179281429
0.986849627916936090
0.986843286552326227
0.986834709820107903
0.986824359707256571
0.986812922952316485
0.986801223361135960
0.986790030872135793
0.986780156094967831
0.986772003072271309
0.986765845089897509
0.986761571724587006
0.986758854662961982
0.986757122763065819
0.986755799468991723
0.986754289397371642
0.986752317949795343
0.986749736636045927
0.986746694071446773
0.986743593867879021
0.986740816778750696
0.986738749117176850
0.986737455894971416
0.986736715652806962
0.986735849247306285
0.986734012834072582
0.986730287995329913
0.986724020776759358
0.986714962341372015
0.986703519930042905
0.986690620910481542
0.986677527673592958
0.986665459232326514
0.986655364348272279
0.986647567087479027
0.986641761678586193
0.986637102475497185
0.986632493428559521
0.986627076834244776
0.986620363209248619
0.986612559638968767
0.986604363728729838
0.986596702307483198
0.986590267242088759
0.986585046955579914
0.986580232631676823
0.986574450899155520
0.986566250035158188
0.986554871093304198
0.986540670518062157
0.986525043415403924
0.986510046351524061
0.986497314926091162
0.986487398755672595
0.986479601850910548
0.986472289748088982
0.986463660153574895
0.986452922244374752
0.986440459380690249
0.986427773912210815
0.986416383682758524
0.986406771451155295
0.986397830259644670
0.986387316098322642
0.986373391603502347
0.986356000552346068
0.986337185648979209
0.986319953415653483
0.986306110059526064
0.986295203682008292
0.986284699237510609
0.986271889448899874
0.986256003420341365
0.986238684432181656
0.986222586476275698
0.986208706474810737
0.986195209612686696
0.986178848515588236
0.986158297604300293
0.986135809176357903
0.986115582387086298
0.986099677673224706
0.986085908046691606
