0.795897865878915423
0.795779346328226000
0.795661558664007784
0.795544639908996820
0.795428752638147607
0.795314003010729964
0.795200556036533168
0.795088556948896574
0.794978147215083530
0.794869486360513355
0.794762684885331638
0.794657924624952550
0.794555345585054695
0.794455072569404619
0.794357288841694320
0.794262118490722258
0.794169713051626647
0.794080198933753922
0.793993759185571135
0.793910508910121604
0.793830595077353762
0.793754165539800050
0.793681335621515105
0.793612300581527763
0.793547139094844423
0.793485978025652239
0.793428998121586737
0.793376298087820397
0.793327992353577649
0.793284203563694557
0.793245074591462873
0.793210703545973672
0.793181158629210903
0.793156604177340019
0.793137093572599539
0.793122760475936439
0.793113689202707861
0.793109946518740450
0.793111607279211150
0.793118784811633004
0.793131508772663141
0.793149835738824027
0.793173871287655596
0.793203613232150939
0.793239156088052177
0.793280471757926819
0.793327645422243988
0.793380708558572123
0.793439619439857191
0.793504428134589435
0.793575120858009186
0.793651722383806657
0.793734167748737840
0.793822481825612769
0.793916636409109144
0.794016565560176524
0.794122224770936191
0.794233617255075131
0.794350622254474947
0.794473209244114686
0.794601282498329398
0.794734798788449437
0.794873614032130638
0.795017676647740257
0.795166871193221048
0.795321066411785460
0.795480195104926069
0.795644065792165178
0.795812623775660755
0.795985642769559631
0.796163047547546632
0.796344669515867465
0.796530339668856335
0.796719905302178177
0.796913190525474269
0.797110057919941162
0.797310284064526309
0.797513683632377179
0.797720129162754255
0.797929370681668471
0.798141242566188791
0.798355518666671315
0.798572063377885666
0.798790616715461144
0.799010975162045667
0.799232953945935742
0.799456362850640923
0.799680949015611264
0.799906545666993374
0.800132930409965137
0.800359865436226725
0.800587179454838371
0.800814662150543977
0.801042098367131361
0.801269292092222640
0.801496038247903830
0.801722150309665316
0.801947443131768911
0.802171695291981179
0.802394753650826131
0.802616404442867193
0.802836510871487996
0.803054892356590555
0.803271369243216848
0.803485781010557010
0.803697998173636852
0.803907872084899000
0.804115225731685923
0.804319970683800678
0.804521976564555596
0.804721120098254028
0.804917275576512825
0.805110387124455817
0.805300315572472170
0.805487013339370894
0.805670385122761012
0.805850385548361414
0.806026936302536190
0.806199983953709176
0.806369517655092127
0.806535485436659871
0.806697862489039408
0.806856668025341284
0.807011833965480485
0.807163428915585013
0.807311415293168744
0.807455862809429603
0.807596756514119218
0.807734127345101305
0.807868056898375930
0.807998556315464134
0.808125731053531027
0.808249593605890326
0.808370220376932624
0.808487714917288547
0.808602130677025355
0.808713560579926161
0.808822093866512826
0.808927826169979269
0.809030838831031107
0.809131244388559545
0.809229161670571129
0.809324670834643434
0.809417879523830042
0.809508874047331628
0.809597817268330133
0.809684751784562895
0.809769814964604318
0.809853101594464553
0.809934719889507160
0.810014776095938305
0.810093332049497405
0.810170507286491648
0.810246377725706068
0.810321036184607157
0.810394536838786705
0.810466961584025758
0.810538386904269048
0.810608874338711316
0.810678429712922366
0.810747131673603572
0.810815002876040247
0.810882081472668381
0.810948384163798774
0.811013897854090948
0.811078603046552327
0.811142542575367886
0.811205656120001284
0.811267924204344348
0.811329303104472710
0.811389752813522769
0.811449189497391310
0.811507558986531596
0.811564790512253387
0.811620784825677788
0.811675423163533805
0.811728636376313872
0.811780295486084436
0.811830261790791097
0.811878422488290341
0.811924654903090182
0.811968787576974660
0.812010707513634911
0.812050257628173067
0.812087261151206441
0.812121592341493170
0.812153081376688957
0.812181606002174039
0.812206956475668762
0.812229028401850073
0.812247648642567488
0.812262697885293705
0.812274009426250720
0.812281479047174848
0.812284975458656633
0.812284374575601986
0.812279600350328868
0.812270553989902999
0.812257155699979694
0.812239354984262585
0.812217113384361644
0.812190397664849684
0.812159173107842469
0.812123485841741544
0.812083353385158913
0.812038823924911113
0.811989988939067042
0.811936919378196675
0.811879751654203452
0.811818606790754793
0.811753664918204110
0.811685100182784280
0.811613127828186953
0.811537989778618130
0.811459941426217912
0.811379234998675036
0.811296187210172492
0.811211135643750580
0.811124354883337784
0.811036263895985821
0.810947217284571198
0.810857608001952390
0.810767824372991663
0.810678280788705963
0.810589434256811736
0.810501660762607989
0.810415402754681158
0.810331148508645294
0.810249283913627161
0.810170269050660807
0.810094534354433127
0.810022491369468911
0.809954555431849577
0.809891119688030181
0.809832604274643320
0.809779332308413147
0.809731653430042497
0.809689897645737733
0.809654353586289788
0.809625276611066980
0.809602925797704320
0.809587463676046837
0.809579085140138321
0.809577935003776838
0.809584055964643667
0.809597538956880913
0.809618375896749676
0.809646574073505043
0.809682025926977134
0.809724650750445529
0.809774304608158468
0.809830784272072113
0.809893893045356861
0.809963325815391877
0.810038842737740628
0.810120085618506791
0.810206700252480538
0.810298312744039517
0.810394499295105097
0.810494832186336334
0.810598872939687354
0.810706157966250673
0.810816169345951687
0.810928473709140007
0.811042566987710267
0.811157960031602565
0.811274181841483033
0.811390748502887393
0.811507183493267337
0.811623097297859641
0.811738004618256404
0.811851530002284161
0.811963281436130391
0.812072942364465367
0.812180177669895476
0.812284686922701393
0.812386258400072614
0.812484670408227472
0.812579743096823126
0.812671366077793889
0.812759432304241081
0.812843894105713227
0.812924721714179732
0.813001956648580770
0.813075653607265414
0.813145895811649977
0.813212807319108943
0.813276541974059075
0.813337285247859199
0.813395211639425963
0.813450529475633788
0.813503500474391461
0.813554326275491180
0.813603271511349257
0.813650544038482360
0.813696430361166234
0.813741090494023434
0.813784775050912512
0.813827644533538175
0.813869886433845946
0.813911623228076309
0.813952967994759025
0.813993990201097306
0.814034714916447633
0.814075126924137082
0.814115188592248851
0.814154803849243214
0.814193809386948075
0.814232091399832214
0.814269343969866499
0.814305367699949101
0.814339824872043594
0.814372423737839801
0.814402797306176152
0.814430557617928486
0.814455311086300759
0.814476652582686200
0.814494208448446555
0.814507570368243838
0.814516364065564824
0.814520225426685673
0.814518842688825129
0.814511966761062522
0.814499349461108912
0.814480837930507962
0.814456346181909541
0.814425839043429356
0.814389391365231252
0.814347138644275215
0.814299342807260684
0.814246321644457427
0.814188434754472889
0.814126283983934829
0.814060375439504935
0.813991426860817824
0.813920139227267359
0.813847357103272606
0.813773923781494601
0.813700747241188682
0.813628751589060450
0.813558879022266201
0.813492067371340388
0.813429263550243031
0.813371304258957206
0.813319073702634565
0.813273325794533930
0.813234735568441169
0.813203892824814645
0.813181284034270146
0.813167257085837925
0.813162063908404842
0.813165779919642340
0.813178359528934802
0.813199662670308521
0.813229357789311491
0.813267009510220906
0.813312053971555260
0.813363814026539567
0.813421560942126920
0.813484434735584738
0.813551566888777389
0.813622008203933156
0.813694787808401099
0.813769001566298833
0.813843692955473319
0.813918002484701475
0.813991125108292413
0.814062309669533746
0.814130926436314462
0.814196450718003506
0.814258454261848286
0.814316653596349860
0.814370893057720591
0.814421126804057205
0.814467424784402150
0.814509964033865441
0.814549014926374659
0.814584890180715115
0.814618060032111235
0.814648930060802301
0.814677966859108760
0.814705596243024632
0.814732267278727607
0.814758298111940671
0.814783998758326744
0.814809536587569272
0.814834987611532391
0.814860302665851743
0.814885287214729193
0.814909646947379995
0.814932941770415087
0.814954567681936193
0.814973929558417853
0.814990262729864079
0.815002800983689824
0.815010776752696842
0.815013358532537424
0.815009915795177342
0.814999799369001132
0.814982579599404344
0.814957981894895878
0.814925923491945148
0.814886584775265654
0.814840404485574821
0.814788028512058893
0.814730394622343312
0.814668677606549929
0.814604246870921145
0.814538668121571496
0.814473590305495487
0.814410727132255485
0.814351816325210809
0.814298482805114188
0.814252225845162214
0.814214358321493026
0.814185920529267193
0.814167630902292050
0.814159865961628260
0.814162660293449969
0.814175663768912594
0.814198162757868715
0.814229189633807748
0.814267425118556210
0.814311389600929414
0.814359538022187635
0.814410140324886900
0.814461614099768694
0.814512449407982508
0.814561290779748370
0.814607103363813589
0.814649012565480612
0.814686566977707360
0.814719573939698183
0.814748142885580284
0.814772682605527709
0.814793722260355402
0.814811970894352089
0.814828229446277530
0.814843208445524492
0.814857494577914454
0.814871524461575403
0.814885478423194809
0.814899156376089562
0.814912139100027133
0.814923640580581643
0.814932591553602648
0.814937760294338398
0.814937822717146876
0.814931485991107318
0.814917558688041055
0.814895200742239978
0.814863973939496167
0.814823950491142535
0.814775803156070677
0.814720826153213951
0.814660857535353888
0.814598242683387319
0.814535627728313227
0.814475916009506640
0.814421905959771375
0.814376109314681185
0.814340639163684599
0.814316914718332563
0.814305524058280827
0.814306348783597533
0.814318354886513607
0.814339850425003897
0.814368592450589235
0.814401963116440308
0.814437349412778677
0.814472231725767104
0.814504539839765451
0.814532700112527319
0.814555870408058880
0.814573887994539225
0.814587157699048103
0.814596545638029634
0.814603201318040093
0.814608233448571251
0.814612524491429291
0.814616463364054466
0.814619857851066387
0.814621783265053634
0.814620755956053544
0.814614838035798816
0.814601975009822232
0.814580314901799607
0.814548570799281335
0.814506446947834140
0.814454795217134153
0.814395726340959691
0.814332504545811409
0.814269196214542301
0.814210249204489811
0.814159855328925652
0.814121343997849856
0.814096792812157521
0.814086607404030271
0.814089507469485052
0.814102798779022030
0.814122823367053439
0.814145460274618538
0.814167026620666312
0.814184633875985497
0.814196636440482457
0.814202764931608036
0.814203863594930244
0.814201424998682199
0.814197047270021512
0.814191712933553413
0.814185399415654265
0.814176814928812997
0.814163533029911290
0.814142615435744510
0.814111316062784085
0.814068105644299433
0.814013411588321523
0.813950022207002077
0.813882829470080282
0.813818175973363589
0.813762439911275837
0.813720666810053839
0.813695399114171103
0.813686030723979825
0.813689091320458191
0.813699167096257003
0.813710364202542280
0.813717922620455170
0.813719141232474685
0.813713759286589178
0.813703320988827139
0.813689942001053934
0.813674983447278732
0.813657818671527422
0.813635765052152737
0.813604804923180880
0.813561325552915715
0.813504119760365740
0.813435859769402025
0.813363186902638091
0.813295118810170359
0.813240293623531896
0.813203939220855210
0.813186032927287417
0.813181419774859915
0.813182088746906451
0.813180362874723395
0.813171685169972958
0.813155537303609011
0.813134213610988921
0.813109997891177771
0.813082625015397742
0.813048418055068778
0.813001947687916671
0.812939896670995088
0.812864543760813629
0.812784796294729661
0.812713347272882691
0.812660677982869339
0.812629810570331346
0.812614902823972196
0.812605013177509883
0.812590321935742099
0.812566933290863380
0.812536533929542393
0.812501942374226127
0.812462109910479069
0.812411094271979772
0.812342970707453871
0.812259035716517475
0.812171088617752779
0.812096191074154428
0.812045508931222293
0.812016526776173420
0.811995740706660585
0.811969716886009385
0.811933813984132002
0.811890732788624891
0.811841650883165844
0.811780416401756799
0.811699574246228517
0.811602802095720333
0.811508821711150241
0.811438156334305494
0.811394513107905224
0.811362369115434134
0.811324014775627544
0.811274623281861063
0.811217276631934769
0.811148334133554028
0.811057998857373508
0.810949559422858512
0.810847839516523394
0.810776111056837001
0.810729020694300306
0.810682194375656362
0.810622933132850276
0.810553237421068884
0.810467817673394486
0.810356847709470696
