0.714795458998695010
0.714637871524981372
0.714480589783989872
0.714323786209644651
0.714167660909631574
0.714012341735574041
0.713858059496983666
0.713704992765939128
0.713553277867369107
0.713403153049311900
0.713254771042337254
0.713108318621395121
0.712964009964955681
0.712822011558919444
0.712682514698990799
0.712545713329092667
0.712411783033486845
0.712280931075957802
0.712153302950985223
0.712029133064262187
0.711908570298072418
0.711791824275431861
0.711679064117935467
0.711570463003837195
0.711466193884248366
0.711366441234742131
0.711271372495707488
0.711181145135725390
0.711095923833745425
0.711015887977850314
0.710941151898925483
0.710871895159985723
0.710808259943781606
0.710750371023138316
0.710698405389361243
0.710652412126414723
0.710612568309362813
0.710579007487088354
0.710551786802758656
0.710531031954221626
0.710516848575052817
0.710509318745007890
0.710508516902349507
0.710514505977139388
0.710527375977354825
0.710547174150061411
0.710573933422557258
0.710607703192855822
0.710648503527687825
0.710696378071882795
0.710751306126953031
0.710813324588589590
0.710882430325810666
0.710958553734717835
0.711041722066157789
0.711131896145350662
0.711228987060273155
0.711333001958961986
0.711443821523962350
0.711561402516109887
0.711685661229012889
0.711816506750856726
0.711953808328739890
0.712097487334813595
0.712247433128398222
0.712403463042220131
0.712565486734420772
0.712733332836284483
0.712906863703576477
0.713085916077676463
0.713270298895879451
0.713459811202593608
0.713654328648345659
0.713853614227536126
0.714057483637551171
0.714265715913096733
0.714478114662454700
0.714694435542138296
0.714914465195876092
0.715137994148712930
0.715364760002761613
0.715594559412942366
0.715827101447083614
0.716062180896622436
0.716299532458379185
0.716538927255301661
0.716780092294375226
0.717022770322117031
0.717266747503119917
0.717511753938893104
0.717757518214072965
0.718003790957152277
0.718250376972335181
0.718496957188018981
0.718743346934958560
0.718989260875075309
0.719234501465977338
0.719478798062346492
0.719721962937318382
0.719963742656703154
0.720203938255535192
0.720442334047446509
0.720678729840731003
0.720912914693385698
0.721144735149292226
0.721373973442718031
0.721600477753714498
0.721824075188276959
0.722044612325890234
0.722261973065949303
0.722475963144248001
0.722686512985366569
0.722893494241537704
0.723096778205474133
0.723296290874791303
0.723491925920509815
0.723683661743113715
0.723871383231870946
0.724055071849916909
0.724234673599633005
0.724410153194345430
0.724581515964224487
0.724748733789144839
0.724911830981713301
0.725070792066617842
0.725225633976765427
0.725376441686616413
0.725523199486321158
0.725666016970018757
0.725804881946378933
0.725939946343523101
0.726071214982610069
0.726198828691466791
0.726322862842671557
0.726443389908577930
0.726560566101306038
0.726674460916552967
0.726785205746843022
0.726892934164529603
0.726997754726385281
0.727099792163142800
0.727199185135696036
0.727296068329518874
0.727390579020533612
0.727482843752268349
0.727573003500095905
0.727661152961819879
0.727747482009207913
0.727832080214003030
0.727915106810474999
0.727996621346443495
0.728076803513436732
0.728155723459263937
0.728233517601496017
0.728310261311695628
0.728386039228097637
0.728460951626721087
0.728535039251847705
0.728608413258102328
0.728681089121699266
0.728753132541804405
0.728824568301774778
0.728895406440808191
0.728965691353843259
0.729035363584718876
0.729104451924557528
0.729172920513429856
0.729240736277458779
0.729307809414966979
0.729374130810681920
0.729439571433744161
0.729504097458142486
0.729567533169365068
0.729629834695018742
0.729690828059579411
0.729750398803769129
0.729808394142875017
0.729864673961645227
0.729919054385972155
0.729971357619754180
0.730021438778900800
0.730069048915867880
0.730114049765777984
0.730156218033591320
0.730195357453316984
0.730231263079964221
0.730263768824888637
0.730292623534863572
0.730317646366857587
0.730338648104303489
0.730355439651905414
0.730367854158970542
0.730375676853075695
0.730378782028997420
0.730377004148821452
0.730370215035077819
0.730358286715691252
0.730341113618514948
0.730318601390134714
0.730290693402766533
0.730257348497687975
0.730218516928062500
0.730174223233605590
0.730124451623390458
0.730069315600593516
0.730008813323504313
0.729943124357881556
0.729872323235720488
0.729796579505956999
0.729716102288174073
0.729631101184298636
0.729541794941535038
0.729448479158484653
0.729351464778375314
0.729251073033553743
0.729147657766496593
0.729041605447878660
0.728933293669978721
0.728823192852113055
0.728711713476527412
0.728599355196563936
0.728486582362630308
0.728373920147650344
0.728261834105501049
0.728150892598265265
0.728041608010439267
0.727934509911365435
0.727830127197777954
0.727728995204692253
0.727631640145234626
0.727538600634402011
0.727450322273719086
0.727367364132973981
0.727290130775989030
0.727219125078792383
0.727154739857804433
0.727097374411713182
0.727047399338146327
0.727005119214705786
0.726970847861289182
0.726944831426543647
0.726927280743633220
0.726918330715350058
0.726918115913517515
0.726926753385738977
0.726944192453491511
0.726970471950922237
0.727005498389893923
0.727049126871860296
0.727101237172564807
0.727161565168444657
0.727229852307441860
0.727305806605185734
0.727389073525785190
0.727479262535980720
0.727575948895852864
0.727678683014730820
0.727786946741615592
0.727900217496387225
0.728017990977423368
0.728139681111699466
0.728264700342894589
0.728392509943681876
0.728522468432156955
0.728654021896150805
0.728786585342264814
0.728919589783858179
0.729052454956218288
0.729184656339060266
0.729315698278429014
0.729445047305877781
0.729572275191711861
0.729696988407792624
0.729818747166200210
0.729937219569761875
0.730052173290403283
0.730163267886293377
0.730270351867932987
0.730373266066032256
0.730471868669809399
0.730566128222903455
0.730656007545606556
0.730741534687810224
0.730822812715996473
0.730899924957198244
0.730973036716232483
0.731042333836190772
0.731108036799442362
0.731170378478870897
0.731229636156189522
0.731286080771952118
0.731340013312011261
0.731391739477303293
0.731441541828114605
0.731489710227863466
0.731536517866683389
0.731582254318590475
0.731627134995846307
0.731671378797220995
0.731715160315963509
0.731758607754951163
0.731801834634978721
0.731844849898863781
0.731887685494849505
0.731930287762811105
0.731972545951549813
0.732014288125395818
0.732055326218685631
0.732095385438777391
0.732134149436419301
0.732171276793255887
0.732206377454619806
0.732239024131698946
0.732268763803039291
0.732295086563172881
0.732317562927816801
0.732335659248046666
0.732348955977967009
0.732356895435962052
0.732359152425541060
0.732355248445444751
0.732344909322443449
0.732327782465880150
0.732303730086705462
0.732272580065186696
0.732234313398776204
0.732188967685912684
0.732136683579984182
0.732077776746468234
0.732012559878645774
0.731941538231424160
0.731865309126354946
0.731784516219934789
0.731700005752470184
0.731612590923551687
0.731523229531110486
0.731432996392563761
0.731342920657107487
0.731254104213445277
0.731167710454520670
0.731084805756398337
0.731006574567978240
0.730934031186578737
0.730868186207750181
0.730810008967756608
0.730760325709465808
0.730719834766967336
0.730689173360262290
0.730668751492900892
0.730658917725588886
0.730659766852906678
0.730671316891060130
0.730693364380524346
0.730725557454384833
0.730767406915231899
0.730818252429512816
0.730877291116848182
0.730943678446893896
0.731016396813318203
0.731094360283506384
0.731176458472488688
0.731261547334854600
0.731348497200390302
0.731436168002935538
0.731523493034574090
0.731609451715893866
0.731693176519233490
0.731773837087263845
0.731850795577568825
0.731923482271922277
0.731991560429373189
0.732054762481968879
0.732113042771077249
0.732166444128986904
0.732215142914697470
0.732259450244250987
0.732299771964439739
0.732336600569512441
0.732370464844485647
0.732401913969858875
0.732431492576709031
0.732459741497201167
0.732487115866891192
0.732513963952058922
0.732540582634122250
0.732567080811211357
0.732593456649937913
0.732619544583668181
0.732645023602148004
0.732669419102094488
0.732692109673142355
0.732712355481647593
0.732729316313557422
0.732742103309750648
0.732749766795175339
0.732751414023341985
0.732746154744567502
0.732733254805135070
0.732712160931223933
0.732682442311722082
0.732643978535122087
0.732596891590372890
0.732541578400723870
0.732478794887920781
0.732409533363426624
0.732335126889123722
0.732257131990985410
0.732177355643577110
0.732097708593736685
0.732020265307128160
0.731947070761051144
0.731880103671158966
0.731821271047420563
0.731772143015805843
0.731734066465662636
0.731708068818818891
0.731694713755837611
0.731694151635443824
0.731706116525088768
0.731729882792859998
0.731764363447922950
0.731808094016106248
0.731859371382373669
0.731916278471261172
0.731976831078403167
0.732039020790992812
0.732100955988972513
0.732160945506626692
0.732217517998625889
0.732269583102490573
0.732316388385839345
0.732357569579280998
0.732393106161649765
0.732423367097809752
0.732448869579481188
0.732470508649290197
0.732489152129783494
0.732505687360988422
0.732520949400366383
0.732535558208306958
0.732549813460683152
0.732563750962171079
0.732576954155022775
0.732588728178531712
0.732597920883234166
0.732603205605695917
0.732603056090910809
0.732595923541971117
0.732580378062098747
0.732555239242179690
0.732519849044141802
0.732473983545006702
0.732418233996842916
0.732353811944632227
0.732282640178059885
0.732207320574971399
0.732130903746771255
0.732056740655140925
0.731988254575592134
0.731928645480710682
0.731880691667648686
0.731846426978503106
0.731827093422023567
0.731822904418129139
0.731833025858693587
0.731855817833348521
0.731888773786754987
0.731928916799826745
0.731972992578664106
0.732017800751903147
0.732060530134967191
0.732098903301475312
0.732131457281889220
0.732157491404123451
0.732177146474427110
0.732191205091999531
0.732200903952013649
0.732207589605284093
0.732212523727137632
0.732216517257491262
0.732219691409597528
0.732221480288347437
0.732220512314229910
0.732214712729787220
0.732201796212045286
0.732179394421525576
0.732145650598259645
0.732099665753541795
0.732041727079107640
0.731973687072576262
0.731898747038966180
0.731821404871662029
0.731746867609265106
0.731680392723146333
0.731626700727007084
0.731589205987529412
0.731569500307165166
0.731567115316285488
0.731579718406130453
0.731603327992225605
0.731633124121010558
0.731664158960177113
0.731692120134835977
0.731714064700025868
0.731728568197820395
0.731735809436655726
0.731737155922356108
0.731734464402390650
0.731729461817677951
0.731722908013147877
0.731714216486912927
0.731701290229025192
0.731681028941727818
0.731649956466515095
0.731605415060668784
0.731546496895479459
0.731474980124525165
0.731395344202838249
0.731314450644573344
0.731240267153433043
0.731180131151461077
0.731139249276770764
0.731119317635890997
0.731118222689791875
0.731130549444826361
0.731149179215987211
0.731167029006981384
0.731178812382462961
0.731182055776005480
0.731177184445148343
0.731166334805533835
0.731151882925473839
0.731134750412917089
0.731113405031796115
0.731084005915255686
0.731041825852434379
0.730983357379679011
0.730908861100903917
0.730823405087064226
0.730736479623006474
0.730659550992434181
0.730602358238544469
0.730569542869028532
0.730558951699909587
0.730562676093575392
0.730570329690365616
0.730572970631088281
0.730566053841754659
0.730549892667939238
0.730527419539194534
0.730500702054982853
0.730468246481012162
0.730424781519727451
0.730364263628529464
0.730284437566329991
0.730190831581438826
0.730096508139100431
0.730017424408452853
0.729964842761831045
0.729939666304288526
0.729932254530104574
0.729928263051460635
0.729916456124153235
0.729893300139992762
0.729861423298755807
0.729823396422251913
0.729776341794239780
0.729712460640920768
0.729626261329384018
0.729522889963763910
0.729419987934708414
0.729338836012378033
0.729290421645067966
0.729267896542678540
0.729252691619464932
0.729228905099033042
0.729192326769007915
0.729146303475979529
0.729090408922172584
0.729015814804695239
0.728915446749872742
0.728798615519903659
0.728691931155619477
0.728619375465196617
0.728580793166505813
0.728553706117166744
0.728516713000529226
0.728465452571743666
0.728402665480740952
0.728321418791960884
0.728210971182031819
0.728081263496933917
0.727967505038833673
0.727895866108699163
0.727853788693296866
0.727809163675542936
0.727748010186827110
0.727671866455444794
0.727571430336827585
0.727437488603630555
