0.900057830971975226
0.899981645924448737
0.899907994775213216
0.899836998343930272
0.899768760448608540
0.899703412532744329
0.899640999732455926
0.899581659146704404
0.899525498429868731
0.899472609749281671
0.899423059329347963
0.899376967345013045
0.899334430317894284
0.899295516753357727
0.899260355653930143
0.899228963332446063
0.899201499602028220
0.899177990001640781
0.899158522302626273
0.899143185019140367
0.899132059913136494
0.899125169168398908
0.899122646987524865
0.899124484774939003
0.899130795525745818
0.899141582374498927
0.899156941328497328
0.899176904404979549
0.899201507126297095
0.899230784367971436
0.899264787114573583
0.899303522014791912
0.899347043753457864
0.899395347832822933
0.899448448342044515
0.899506402223166912
0.899569163711081754
0.899636759826993870
0.899709151704817134
0.899786395618323853
0.899868439543846765
0.899955277437430534
0.900046861246098673
0.900143172086479093
0.900244196983766121
0.900349882250492173
0.900460170978468977
0.900575038679514273
0.900694427065549696
0.900818259644803221
0.900946484974890383
0.901079018002973742
0.901215821509086301
0.901356765939540949
0.901501781368992394
0.901650807671301346
0.901803723165206739
0.901960418193173075
0.902120824704859769
0.902284811500675965
0.902452256588994306
0.902623051329247472
0.902797071989114519
0.902974203647182505
0.903154332254021530
0.903337277654962967
0.903522931496471893
0.903711164070881479
0.903901827013529835
0.904094754673570589
0.904289849305583759
0.904486888582513693
0.904685787707402489
0.904886350248224502
0.905088457372032140
0.905291898779459370
0.905496574230601148
0.905702303267008513
0.905908894041710044
0.906116225913705775
0.906324140725060734
0.906532469808768226
0.906741057775990567
0.906949723347308390
0.907158351026784215
0.907366727259567352
0.907574749559364125
0.907782265760705420
0.907989086866707873
0.908195097051525457
0.908400155881816107
0.908604093450269379
0.908806798659705928
0.909008137738242739
0.909207970808385779
0.909406156802878618
0.909602601324121407
0.909797164812111259
0.909989763945219909
0.910180255717037534
0.910368577592948092
0.910554589073305110
0.910738240295771218
0.910919426974349467
0.911098053767118943
0.911274068821320116
0.911447388369310163
0.911617985310732237
0.911785741153177676
0.911950676996254206
0.912112687002548772
0.912271782381662732
0.912427908773078333
0.912581020003012999
0.912731149904060679
0.912878241342237051
0.913022321870671671
0.913163365227409152
0.913301384904098401
0.913436386226185837
0.913568408094460049
0.913697453866996301
0.913823539277723418
0.913946706043079704
0.914067009395620689
0.914184435469741485
0.914299103358251042
0.914411005889999351
0.914520245657469921
0.914626827543789767
0.914730832383735981
0.914832328435338016
0.914931355188681739
0.915028018124466436
0.915122342019448531
0.915214436251663654
0.915304337590977291
0.915392132339743370
0.915477909992485461
0.915561700224467367
0.915643611282251357
0.915723694673494903
0.915802000720769671
0.915878638079126062
0.915953638964645989
0.916027101929714482
0.916099037883507106
0.916169531388961400
0.916238655363596166
0.916306426628450965
0.916372905219918987
0.916438134292624662
0.916502134550379766
0.916564983013966605
0.916626666178934180
0.916687228414733046
0.916746684269770684
0.916805060009519446
0.916862337837086594
0.916918532792534657
0.916973631591414984
0.917027633418839971
0.917080534147129312
0.917132279830608410
0.917182886479113502
0.917232307747152253
0.917280469021965694
0.917327354725413158
0.917372935982941118
0.917417133797097106
0.917459910244478705
0.917501137207130002
0.917540856586054554
0.917578903474651986
0.917615237587057542
0.917649806489827968
0.917682475549970289
0.917713225757581852
0.917741888989827559
0.917768457287433614
0.917792803529556833
0.917814852296937711
0.917834512865713492
0.917851720526640658
0.917866389551407869
0.917878428354700460
0.917887750692650384
0.917894329441237500
0.917898032023244159
0.917898836979618049
0.917896715718629186
0.917891544443569130
0.917883345560694175
0.917872097504956463
0.917857714930317758
0.917840216289339983
0.917819621607486424
0.917795924395607088
0.917769119011300538
0.917739282272636236
0.917706424442944813
0.917670628660444465
0.917631923459558796
0.917590456791911646
0.917546278809456717
0.917499535943025690
0.917450329290540378
0.917398809776315272
0.917345123683614094
0.917289462729713789
0.917232024719973338
0.917172942330001240
0.917112478337566261
0.917050839979681731
0.916988266008275099
0.916925000860264849
0.916861296173986595
0.916797402957790220
0.916733635482697484
0.916670223755515212
0.916607497150184747
0.916545708465414943
0.916485171645535668
0.916426157188361623
0.916369015896537409
0.916313968338574591
0.916261371879290909
0.916211460318212323
0.916164555573470762
0.916120901445597990
0.916080755567834304
0.916044401148659926
0.916012041399308030
0.915983886099919875
0.915960222297557580
0.915941143594465212
0.915926843530439072
0.915917497740396658
0.915913207384717154
0.915914095199598655
0.915920209017904940
0.915931641281720776
0.915948394029580393
0.915970446443960640
0.915997812737470607
0.916030422481905471
0.916068203593701891
0.916111047394769673
0.916158814159695800
0.916211359210476362
0.916268481243306621
0.916329991331525373
0.916395643382959202
0.916465226084393070
0.916538429646774011
0.916615001279746267
0.916694616380525296
0.916776982419898467
0.916861748149735423
0.916948624764430953
0.917037238005076860
0.917127246358047987
0.917218330166725493
0.917310143314526760
0.917402351144534278
0.917494627317436695
0.917586654971520033
0.917678117601641752
0.917768738475706725
0.917858233678103153
0.917946369343882296
0.918032885330687942
0.918117600152211999
0.918200295777139797
0.918280806711434638
0.918359038655725768
0.918434822856746491
0.918508136659853980
0.918578874712889015
0.918647028232199792
0.918712575207329185
0.918775535881291905
0.918835972201917150
0.918893940157159195
0.918949486947723493
0.919002772312182192
0.919053850976105702
0.919102888631897375
0.919150034737619026
0.919195405260690657
0.919239164604270464
0.919281454316150048
0.919322444392429938
0.919362258423281009
0.919401062165375649
0.919438963763942074
0.919476080687106401
0.919512500178050640
0.919548316507473595
0.919583578346261143
0.919618325277190563
0.919652546479550193
0.919686248633178272
0.919719370055655516
0.919751856455164551
0.919783572797029492
0.919814428570648990
0.919844265269797901
0.919872894612583591
0.919900121276474025
0.919925737378036401
0.919949510660430736
0.919971158947956447
0.919990478420291358
0.920007177155559130
0.920021004072720805
0.920031703772274279
0.920039042942328966
0.920042775653235112
0.920042728881760197
0.920038709712155955
0.920030616076864094
0.920018278395811406
0.920001690438053688
0.919980859549597962
0.919955788469066671
0.919926622749301037
0.919893484463106370
0.919856591519940592
0.919816278929347697
0.919772803595331978
0.919726599292426839
0.919678137285617092
0.919627884997747058
0.919576386083228559
0.919524250290726375
0.919472084898418252
0.919420510995833773
0.919370193724557194
0.919321792686326855
0.919275917096332384
0.919233252880154228
0.919194376262472579
0.919159862666820815
0.919130185865147720
0.919105818957218434
0.919087152678763397
0.919074490205553984
0.919068035827235175
0.919067916265594365
0.919074191302526211
0.919086795291001679
0.919105558226551711
0.919130255520889339
0.919160566137303570
0.919196055293254877
0.919236244955370374
0.919280596623434088
0.919328518992207577
0.919379362963347768
0.919432467715159407
0.919487196979190458
0.919542866906336132
0.919598848907404509
0.919654518782153430
0.919709344420604036
0.919762797924943643
0.919814454828429273
0.919863958342425181
0.919911053953018309
0.919955528393340938
0.919997301069733764
0.920036335832544183
0.920072721458252363
0.920106544536578808
0.920138037593713598
0.920167450554437161
0.920195007289499434
0.920221059689482423
0.920245903172192237
0.920269822766692780
0.920293119523591718
0.920315950603523336
0.920338536228741955
0.920360977086664755
0.920383264553589764
0.920405333735365927
0.920427043873619288
0.920448133191159368
0.920468256745816893
0.920487028950986774
0.920503941113340329
0.920518480765150415
0.920530080565071240
0.920538208680584003
0.920542286293368872
0.920541843718201469
0.920536416462872098
0.920525728401285326
0.920509562717108709
0.920487834089905643
0.920460697898928260
0.920428433163950954
0.920391529814645892
0.920350590057323781
0.920306481080697902
0.920260130094474604
0.920212645030695775
0.920165222007534034
0.920119075353063143
0.920075467824830517
0.920035568706560669
0.920000504357301296
0.919971247657620395
0.919948588800700073
0.919933139909825393
0.919925232313324348
0.919924992029618971
0.919932198028067361
0.919946475929645846
0.919967123762784000
0.919993328783848652
0.920024047745848894
0.920058171278822501
0.920094514666876306
0.920131889710405493
0.920169245711066508
0.920205555154383958
0.920240014753686775
0.920272000565310333
0.920301121692584934
0.920327154775868794
0.920350212289849812
0.920370498383707991
0.920388378929637319
0.920404395267558684
0.920419082889966100
0.920432970928056315
0.920446531059764150
0.920460043675811135
0.920473695569084427
0.920487394528940017
0.920500818591254322
0.920513415075768449
0.920524442094494688
0.920532965710004536
0.920537947918002364
0.920538428089152760
0.920533395199990556
0.920522099598483634
0.920504067284563576
0.920479144319157561
0.920447622025421297
0.920410241235250060
0.920368158257694802
0.920322961535785189
0.920276508101625645
0.920230902590546185
0.920188243753723989
0.920150544139712645
0.920119566496187979
0.920096645041195482
0.920082559331575012
0.920077570632384045
0.920081227857761141
0.920092592050523850
0.920110213381296838
0.920132290222241522
0.920156889232532360
0.920182150302879531
0.920206383022106333
0.920228257789800441
0.920246961894723325
0.920262152830916058
0.920274011007033210
0.920283112236627177
0.920290257587081162
0.920296376456089638
0.920302202100876321
0.920308268959268760
0.920314591055290676
0.920320651006917401
0.920325474595490411
0.920327614217878787
0.920325360269600101
0.920317053809775909
0.920301329522868472
0.920277358357329711
0.920245177224608191
0.920205714564181321
0.920160912789330210
0.920113462567334950
0.920066656543251926
0.920023870553333234
0.919988155700914190
0.919961774065976012
0.919945994047981386
0.919940659706709574
0.919944516734917839
0.919955236759866790
0.919969912487032304
0.919985588397081333
0.919999664401579875
0.920010416103718365
0.920017119833030139
0.920020088506907197
0.920020349988559527
0.920019279606162810
0.920018088598554162
0.920017257853311454
0.920016328729995170
0.920013737184372293
0.920007168609165649
0.919993947720627814
0.919971877232154234
0.919939913885205129
0.919898708886539684
0.919850773276890687
0.919800325812318964
0.919752397747601869
0.919711898014962781
0.919682411832326574
0.919665423883418764
0.919659883145511947
0.919662749742332197
0.919669646132247443
0.919676276056450082
0.919679514486831495
0.919678053480096014
0.919672511325425490
0.919664709608219666
0.919656488032150499
0.919648593737060982
0.919639925000073633
0.919627490931259839
0.919607495223238147
0.919576768619416618
0.919534487368470432
0.919483142582627755
0.919428464138439594
0.919377830971966126
0.919337831979906706
0.919312110693426776
0.919299914572312749
0.919296607160532409
0.919295851968198630
0.919292200576305230
0.919283170300913000
0.919269681090779223
0.919254325951593620
0.919239045537066368
0.919222873782835626
0.919201669331774940
0.919170112510702575
0.919125111733087530
0.919068780029513421
0.919008792721004886
0.918955575777081091
0.918917148575768117
0.918895112480825671
0.918884011452251404
0.918874984389966509
0.918861321783994600
0.918841627426624674
0.918818932617751272
0.918795924344724013
0.918770750000218905
0.918736959775164008
0.918688410926476351
0.918626029553969436
0.918559869585730548
0.918504055536678021
0.918467006779863482
0.918445578705946009
0.918428500983571539
0.918406141453644853
0.918377327358179674
0.918346322967562245
0.918313880126538251
0.918272899468328241
0.918215124784820480
0.918142976527857813
0.918072303194632178
0.918019874087640075
0.917987516564399697
0.917961821529816424
0.917929992372891301
0.917891655135826379
0.917851531066928183
0.917805083853817982
0.917740948556071134
0.917660226772862631
0.917583688023143162
0.917530326668161700
0.917494311852254163
0.917456154495940757
0.917409606115541676
0.917360048537222972
0.917301356996038542
0.917220969495264549
