0.000000042429196723
0.000000042495813894
0.000000042562607192
0.000000042629577384
0.000000042696725240
0.000000042764051535
0.000000042831557048
0.000000042899242561
0.000000042967108864
0.000000043035156747
0.000000043103387008
0.000000043171800448
0.000000043240397872
0.000000043309180092
0.000000043378147921
0.000000043447302179
0.000000043516643690
0.000000043586173285
0.000000043655891795
0.000000043725800060
0.000000043795898922
0.000000043866189231
0.000000043936671838
0.000000044007347602
0.000000044078217386
0.000000044149282058
0.000000044220542489
0.000000044291999559
0.000000044363654150
0.000000044435507151
0.000000044507559454
0.000000044579811958
0.000000044652265567
0.000000044724921190
0.000000044797779741
0.000000044870842140
0.000000044944109312
0.000000045017582187
0.000000045091261703
0.000000045165148799
0.000000045239244424
0.000000045313549529
0.000000045388065074
0.000000045462792023
0.000000045537731344
0.000000045612884014
0.000000045688251014
0.000000045763833331
0.000000045839631958
0.000000045915647895
0.000000045991882146
0.000000046068335722
0.000000046145009641
0.000000046221904925
0.000000046299022605
0.000000046376363716
0.000000046453929299
0.000000046531720404
0.000000046609738084
0.000000046687983401
0.000000046766457422
0.000000046845161221
0.000000046924095879
0.000000047003262483
0.000000047082662126
0.000000047162295909
0.000000047242164940
0.000000047322270332
0.000000047402613207
0.000000047483194692
0.000000047564015922
0.000000047645078039
0.000000047726382192
0.000000047807929538
0.000000047889721238
0.000000047971758465
0.000000048054042396
0.000000048136574216
0.000000048219355117
0.000000048302386300
0.000000048385668973
0.000000048469204350
0.000000048552993656
0.000000048637038119
0.000000048721338979
0.000000048805897483
0.000000048890714883
0.000000048975792443
0.000000049061131433
0.000000049146733130
0.000000049232598822
0.000000049318729802
0.000000049405127374
0.000000049491792850
0.000000049578727549
0.000000049665932798
0.000000049753409936
0.000000049841160307
0.000000049929185266
0.000000050017486176
0.000000050106064408
0.000000050194921342
0.000000050284058370
0.000000050373476889
0.000000050463178307
0.000000050553164042
0.000000050643435520
0.000000050733994176
0.000000050824841457
0.000000050915978815
0.000000051007407717
0.000000051099129636
0.000000051191146056
0.000000051283458470
0.000000051376068382
0.000000051468977305
0.000000051562186764
0.000000051655698291
0.000000051749513432
0.000000051843633741
0.000000051938060781
0.000000052032796130
0.000000052127841373
0.000000052223198106
0.000000052318867938
0.000000052414852486
0.000000052511153380
0.000000052607772261
0.000000052704710780
0.000000052801970600
0.000000052899553395
0.000000052997460851
0.000000053095694665
0.000000053194256547
0.000000053293148216
0.000000053392371406
0.000000053491927861
0.000000053591819338
0.000000053692047605
0.000000053792614443
0.000000053893521646
0.000000053994771019
0.000000054096364382
0.000000054198303564
0.000000054300590412
0.000000054403226780
0.000000054506214540
0.000000054609555574
0.000000054713251780
0.000000054817305066
0.000000054921717356
0.000000055026490588
0.000000055131626712
0.000000055237127692
0.000000055342995508
0.000000055449232152
0.000000055555839631
0.000000055662819967
0.000000055770175196
0.000000055877907367
0.000000055986018548
0.000000056094510818
0.000000056203386272
0.000000056312647021
0.000000056422295191
0.000000056532332923
0.000000056642762374
0.000000056753585718
0.000000056864805141
0.000000056976422850
0.000000057088441065
0.000000057200862023
0.000000057313687978
0.000000057426921199
0.000000057540563975
0.000000057654618610
0.000000057769087424
0.000000057883972755
0.000000057999276961
0.000000058115002413
0.000000058231151504
0.000000058347726643
0.000000058464730256
0.000000058582164790
0.000000058700032708
0.000000058818336492
0.000000058937078645
0.000000059056261687
0.000000059175888156
0.000000059295960612
0.000000059416481634
0.000000059537453818
0.000000059658879784
0.000000059780762168
0.000000059903103630
0.000000060025906849
0.000000060149174522
0.000000060272909372
0.000000060397114138
0.000000060521791585
0.000000060646944495
0.000000060772575676
0.000000060898687954
0.000000061025284179
0.000000061152367225
0.000000061279939985
0.000000061408005377
0.000000061536566341
0.000000061665625842
0.000000061795186867
0.000000061925252427
0.000000062055825556
0.000000062186909314
0.000000062318506785
0.000000062450621076
0.000000062583255320
0.000000062716412677
0.000000062850096328
0.000000062984309485
0.000000063119055382
0.000000063254337281
0.000000063390158469
0.000000063526522262
0.000000063663432000
0.000000063800891053
0.000000063938902818
0.000000064077470718
0.000000064216598207
0.000000064356288764
0.000000064496545900
0.000000064637373154
0.000000064778774093
0.000000064920752315
0.000000065063311447
0.000000065206455147
0.000000065350187104
0.000000065494511035
0.000000065639430693
0.000000065784949858
0.000000065931072345
0.000000066077801998
0.000000066225142698
0.000000066373098354
0.000000066521672913
0.000000066670870350
0.000000066820694680
0.000000066971149948
0.000000067122240235
0.000000067273969658
0.000000067426342368
0.000000067579362552
0.000000067733034434
0.000000067887362274
0.000000068042350370
0.000000068198003055
0.000000068354324703
0.000000068511319723
0.000000068668992564
0.000000068827347716
0.000000068986389706
0.000000069146123101
0.000000069306552510
0.000000069467682581
0.000000069629518004
0.000000069792063511
0.000000069955323877
0.000000070119303917
0.000000070284008492
0.000000070449442505
0.000000070615610903
0.000000070782518679
0.000000070950170870
0.000000071118572559
0.000000071287728875
0.000000071457644993
0.000000071628326137
0.000000071799777578
0.000000071972004633
0.000000072145012672
0.000000072318807111
0.000000072493393417
0.000000072668777109
0.000000072844963754
0.000000073021958975
0.000000073199768444
0.000000073378397886
0.000000073557853082
0.000000073738139865
0.000000073919264124
0.000000074101231803
0.000000074284048902
0.000000074467721478
0.000000074652255646
0.000000074837657579
0.000000075023933507
0.000000075211089723
0.000000075399132578
0.000000075588068483
0.000000075777903914
0.000000075968645406
0.000000076160299561
0.000000076352873041
0.000000076546372576
0.000000076740804960
0.000000076936177053
0.000000077132495783
0.000000077329768147
0.000000077528001209
0.000000077727202103
0.000000077927378035
0.000000078128536281
0.000000078330684191
0.000000078533829185
0.000000078737978760
0.000000078943140488
0.000000079149322015
0.000000079356531067
0.000000079564775446
0.000000079774063032
0.000000079984401787
0.000000080195799753
0.000000080408265054
0.000000080621805897
0.000000080836430574
0.000000081052147460
0.000000081268965020
0.000000081486891802
0.000000081705936445
0.000000081926107679
0.000000082147414321
0.000000082369865284
0.000000082593469572
0.000000082818236283
0.000000083044174612
0.000000083271293852
0.000000083499603391
0.000000083729112719
0.000000083959831427
0.000000084191769206
0.000000084424935854
0.000000084659341271
0.000000084894995464
0.000000085131908549
0.000000085370090751
0.000000085609552404
0.000000085850303956
0.000000086092355969
0.000000086335719120
0.000000086580404201
0.000000086826422125
0.000000087073783925
0.000000087322500754
0.000000087572583891
0.000000087824044737
0.000000088076894824
0.000000088331145809
0.000000088586809482
0.000000088843897764
0.000000089102422711
0.000000089362396515
0.000000089623831506
0.000000089886740153
0.000000090151135069
0.000000090417029010
0.000000090684434878
0.000000090953365724
0.000000091223834748
0.000000091495855302
0.000000091769440897
0.000000092044605195
0.000000092321362022
0.000000092599725363
0.000000092879709369
0.000000093161328354
0.000000093444596804
0.000000093729529376
0.000000094016140900
0.000000094304446381
0.000000094594461006
0.000000094886200143
0.000000095179679342
0.000000095474914344
0.000000095771921078
0.000000096070715666
0.000000096371314425
0.000000096673733874
0.000000096977990731
0.000000097284101920
0.000000097592084574
0.000000097901956036
0.000000098213733864
0.000000098527435835
0.000000098843079946
0.000000099160684420
0.000000099480267708
0.000000099801848492
0.000000100125445692
0.000000100451078465
0.000000100778766212
0.000000101108528581
0.000000101440385471
0.000000101774357036
0.000000102110463690
0.000000102448726108
0.000000102789165235
0.000000103131802286
0.000000103476658753
0.000000103823756409
0.000000104173117312
0.000000104524763811
0.000000104878718548
0.000000105235004467
0.000000105593644816
0.000000105954663152
0.000000106318083347
0.000000106683929595
0.000000107052226414
0.000000107422998653
0.000000107796271499
0.000000108172070482
0.000000108550421477
0.000000108931350718
0.000000109314884795
0.000000109701050669
0.000000110089875669
0.000000110481387508
0.000000110875614282
0.000000111272584482
0.000000111672326997
0.000000112074871122
0.000000112480246569
0.000000112888483469
0.000000113299612381
0.000000113713664302
0.000000114130670673
0.000000114550663387
0.000000114973674797
0.000000115399737724
0.000000115828885468
0.000000116261151814
0.000000116696571041
0.000000117135177933
0.000000117577007787
0.000000118022096422
0.000000118470480190
0.000000118922195985
0.000000119377281255
0.000000119835774007
0.000000120297712827
0.000000120763136879
0.000000121232085929
0.000000121704600344
0.000000122180721113
0.000000122660489854
0.000000123143948829
0.000000123631140951
0.000000124122109806
0.000000124616899656
0.000000125115555460
0.000000125618122883
0.000000126124648313
0.000000126635178872
0.000000127149762436
0.000000127668447643
0.000000128191283914
0.000000128718321467
0.000000129249611330
0.000000129785205365
0.000000130325156277
0.000000130869517636
0.000000131418343891
0.000000131971690395
0.000000132529613415
0.000000133092170159
0.000000133659418788
0.000000134231418443
0.000000134808229263
0.000000135389912404
0.000000135976530063
0.000000136568145501
0.000000137164823062
0.000000137766628202
0.000000138373627506
0.000000138985888722
0.000000139603480774
0.000000140226473801
0.000000140854939174
0.000000141488949526
0.000000142128578782
0.000000142773902188
0.000000143424996336
0.000000144081939199
0.000000144744810160
0.000000145413690046
0.000000146088661158
0.000000146769807307
0.000000147457213848
0.000000148150967717
0.000000148851157465
0.000000149557873298
0.000000150271207116
0.000000150991252550
0.000000151718105008
0.000000152451861713
0.000000153192621747
0.000000153940486098
0.000000154695557702
0.000000155457941497
0.000000156227744464
0.000000157005075682
0.000000157790046378
0.000000158582769980
0.000000159383362173
0.000000160191940954
0.000000161008626691
0.000000161833542182
0.000000162666812718
0.000000163508566144
0.000000164358932927
0.000000165218046223
0.000000166086041947
0.000000166963058843
0.000000167849238557
0.000000168744725721
0.000000169649668020
0.000000170564216285
0.000000171488524569
0.000000172422750236
0.000000173367054051
0.000000174321600273
0.000000175286556747
0.000000176262095009
0.000000177248390380
0.000000178245622076
0.000000179253973317
0.000000180273631436
0.000000181304787999
0.000000182347638921
0.000000183402384596
0.000000184469230019
0.000000185548384923
0.000000186640063917
0.000000187744486626
0.000000188861877840
0.000000189992467666
0.000000191136491687
0.000000192294191126
0.000000193465813015
0.000000194651610370
0.000000195851842375
0.000000197066774571
0.000000198296679052
0.000000199541834667
0.000000200802527232
0.000000202079049751
0.000000203371702638
0.000000204680793959
0.000000206006639674
0.000000207349563888
0.000000208709899125
0.000000210087986592
0.000000211484176472
0.000000212898828218
0.000000214332310862
0.000000215785003336
0.000000217257294808
0.000000218749585028
0.000000220262284690
0.000000221795815812
0.000000223350612125
0.000000224927119485
0.000000226525796298
0.000000228147113968
0.000000229791557356
0.000000231459625267
0.000000233151830954
0.000000234868702645
0.000000236610784094
0.000000238378635153
0.000000240172832376
0.000000241993969643
0.000000243842658818
0.000000245719530435
0.000000247625234413
0.000000249560440810
0.000000251525840607
0.000000253522146532
0.000000255550093922
0.000000257610441627
0.000000259703972957
0.000000261831496676
0.000000263993848044
0.000000266191889911
0.000000268426513865
0.000000270698641440
0.000000273009225384
0.000000275359250991
0.000000277749737500
0.000000280181739576
0.000000282656348856
