0.000005003348055920
0.000005013344801444
0.000005029755740823
0.000005052180996853
0.000005080374424525
0.000005113679710048
0.000005151515468037
0.000005193326312458
0.000005239219489647
0.000005287573819340
0.000005339298228935
0.000005393429931016
0.000005449673743401
0.000005507782323548
0.000005567561119241
0.000005629885831203
0.000005692594125256
0.000005756574838142
0.000005822883930479
0.000005889212304685
0.000005957806178578
0.000006027492741178
0.000006096999653225
0.000006168795801371
0.000006241683331824
0.000006315713492424
0.000006390974490357
0.000006469268287876
0.000006565599690005
0.000006650007274449
0.000006748782938501
0.000006823947160821
0.000006902820582240
0.000006979532060792
0.000007056993744939
0.000007135207232139
0.000007214165965255
0.000007293872838409
0.000007374332005231
0.000007455538037664
0.000007537492184289
0.000007620199669596
0.000007703655129773
0.000007787858143224
0.000007872816224568
0.000007958524677132
0.000008044978815151
0.000008132187497883
0.000008220150596266
0.000008308859399952
0.000008398319021461
0.000008488534895252
0.000008579499930024
0.000008671213046101
0.000008763679776243
0.000008856898418598
0.000008950866573910
0.000009045585337569
0.000009141054356406
0.000009237274861171
0.000009334246952767
0.000009431966618894
0.000009530435669696
0.000009629658291231
0.000009729629760513
0.000009830347214905
0.000009931815971534
0.000010034036217857
0.000010137003383566
0.000010240717742877
0.000010345181481404
0.000010450395241183
0.000010556356996542
0.000010663063126069
0.000010770517226015
0.000010878723897629
0.000010987675227084
0.000011097367894078
0.000011207813052741
0.000011319009286869
0.000011430944836758
0.000011543626582118
0.000011657063240623
0.000011771245133159
0.000011886169742168
0.000012001846662265
0.000012118274697040
0.000012235450060170
0.000012353376568728
0.000012472054457766
0.000012591485316078
0.000012711673898657
0.000012832615173672
0.000012954309013716
0.000013076768225203
0.000013199989820259
0.000013323963077060
0.000013448701146981
0.000013574213643148
0.000013700485468097
0.000013827516826448
0.000013955325250740
0.000014083905484726
0.000014213245885527
0.000014343356686464
0.000014474243829058
0.000014605897593691
0.000014738316542461
0.000014871505200796
0.000015005461181735
0.000015140181891121
0.000015275664268770
0.000015411903808411
0.000015548902907206
0.000015686659912755
0.000015825161928862
0.000015964407498976
0.000016104403813856
0.000016245138776498
0.000016386598516642
0.000016528791015727
0.000016671715807705
0.000016815353623398
0.000016959701656599
0.000017104766962338
0.000017250537362758
0.000017397001496886
0.000017544162822955
0.000017692016390856
0.000017840552381480
0.000017989770203440
0.000018139664039570
0.000018290226231631
0.000018441459654047
0.000018593358056355
0.000018745908683947
0.000018899117185226
0.000019052984993140
0.000019207494909814
0.000019362646724413
0.000019518449945095
0.000019674891740533
0.000019831964695727
0.000019989678505977
0.000020148026605482
0.000020307001182978
0.000020466611031243
0.000020626849945878
0.000020787709343555
0.000020949203683116
0.000021111329428736
0.000021274068715269
0.000021437438712434
0.000021601450291335
0.000021766078356183
0.000021931328064495
0.000022097225321216
0.000022263754191249
0.000022430903395371
0.000022598697238593
0.000022767136226415
0.000022936207371264
0.000023105923638578
0.000023276288195087
0.000023447295775970
0.000023618960253331
0.000023791277060631
0.000023964234474304
0.000024137857506870
0.000024312148816432
0.000024487075920612
0.000024662657482407
0.000024838921619794
0.000025015830936433
0.000025193372691595
0.000025371587361969
0.000025550462008019
0.000025729958978306
0.000025910098856343
0.000026090893483087
0.000026272311932268
0.000026454348539238
0.000026637011312820
0.000026820286765253
0.000027004168774559
0.000027188649737270
0.000027373710917182
0.000027559359016129
0.000027745593854106
0.000027932377966749
0.000028119708309068
0.000028307609565021
0.000028496049400588
0.000028684993998129
0.000028874471679496
0.000029064482488732
0.000029254979790017
0.000029445965105558
0.000029637459990628
0.000029829437723605
0.000030021877806817
0.000030214792532036
0.000030408176439148
0.000030602014917905
0.000030796306855688
0.000030991044252553
0.000031186223695137
0.000031381852066382
0.000031577914065949
0.000031774397025955
0.000031971320451513
0.000032168682749765
0.000032366456200407
0.000032564651013081
0.000032763287507408
0.000032962344290702
0.000033161810519475
0.000033361708646962
0.000033562037528453
0.000033762781134329
0.000033963948604267
0.000034165546155103
0.000034367566155845
0.000034570013894749
0.000034772890893219
0.000034976188074596
0.000035179915400367
0.000035384079878984
0.000035588662623172
0.000035793664313175
0.000035999105354277
0.000036204972448714
0.000036411245480597
0.000036617940428509
0.000036825063561338
0.000037032590649238
0.000037240515198300
0.000037448847272998
0.000037657578339033
0.000037866692745474
0.000038076183135790
0.000038286044850690
0.000038496274919313
0.000038706859938627
0.000038917776794623
0.000039129024211464
0.000039340607584009
0.000039552497243985
0.000039764666392310
0.000039977129012646
