14.061570408150940281
14.064786450324149314
14.070143749367913344
14.077638732393833010
14.087282584648059824
14.099073972224928752
14.112997277161987597
14.129063012315482339
14.147284949829591838
14.167643853224236139
14.190134065250484596
14.214778552936431666
14.241572054236584677
14.270494901936011445
14.301560950770651814
14.334780961744415961
14.370138576593754820
14.407632849111552176
14.447275596230417349
14.489061716529679558
14.532987671785521755
14.579057639068075503
14.627267718903212312
14.677620328796946225
14.730121049208548811
14.784758730970398943
14.841532719420039044
14.900459273084361911
14.961529201919415044
15.024727500331241714
15.090072552146661877
15.157571059948470094
15.227200097687020985
15.298963925160396826
15.372882244694221043
15.448941445309818832
15.527130360967293043
15.607465297954863814
15.689946966995517386
15.774562834851790782
15.861318484101627035
15.950217791925737743
16.041254882076955823
16.134433364595299309
16.229752697275543483
16.327206094002505665
16.426802212365586797
16.528543650201100945
16.632415436537684172
16.738423282108325196
16.846581652479358127
16.956875267211778180
17.069295845055634686
17.183863290303413862
17.300575309986175654
17.419413172682912005
17.540387768304167793
17.663509926240418935
17.788764396542365631
17.916149489020344987
18.045677284245375205
18.177341791006373484
18.311137791435772471
18.447072255593109702
18.585141878930247827
18.725343561840453788
18.867684376667735791
19.012159174091383562
19.158761802285138032
19.307503388714160053
19.458382843380753968
19.611386428216771805
19.766522795570534043
19.923801037752095766
20.083205995439538327
20.244735774786608573
20.408405084473535851
20.574206725975077603
20.742130263827586845
20.912186565460871179
21.084376967605876985
21.258690603357226934
21.435132127925896839
21.613705390701195341
21.794401831511802214
21.977223852599575338
22.162175872929946507
22.349248735730981252
22.538443075038319563
22.729766880869107126
22.923210942897927822
23.118769956555812684
23.316454771596735185
23.516261551457521506
23.718178705681321361
23.922213704747196772
24.128369982708864683
24.336635519631585112
24.547010931661507271
24.759502211161589003
24.974100980343173717
25.190804052604214291
25.409616163239714837
25.630530569999503854
25.853542912316061830
26.078658366730664397
26.305870214282148112
26.535170338097792353
26.766565382366607651
27.000052391944166175
27.235617803248636903
27.473264801929076384
27.712997170526758595
27.954800956801655332
28.198671081342030931
28.444613610747296661
28.692620211894816151
28.942680436629363072
29.194795987185106156
29.448962649774045985
29.705170816046287285
29.963418140019108193
30.223698911008796131
30.486004249416161827
30.750332692935579360
31.016677229075543920
31.285024622559870267
31.555373722946249870
31.827721849641871898
32.102051645943433300
32.378355568891471705
32.656635896389246909
32.936878458771545297
33.219067003499880286
33.503201354121991073
33.789274513931950139
34.077268023764027305
34.367173788313756688
34.658986804977992335
34.952692488023032524
35.248278436680173797
35.545735515681393224
35.845050488230945973
36.146212334962868340
36.449209678017780334
36.754025222510186666
37.060647593460046778
37.369068631634313249
37.679268546595359624
37.991229640535649992
38.304945922816941106
38.620401708984701372
38.937572978156879344
39.256448966381064736
39.577019578534901711
39.899261186546532088
40.223155311055947436
40.548691683626820748
40.875851151285715446
41.204611991581039376
41.534959286599203665
41.866875299103256225
42.200339441596973700
42.535334285232252682
42.871839688552704217
43.209834615798477842
43.549302614154647983
43.890222725472071374
44.232570146679641709
44.576327919986923121
44.921477988505344570
45.267993100129203299
45.615851722490972975
45.965038176078437004
46.315527223851042038
46.667292382383855909
47.020316170070501016
47.374576916752040745
47.730046806817810534
48.086704374807673901
48.444529044995235267
48.803494209202511911
49.163575988817605378
49.524752777512269120
49.886998452259192049
50.250288402645743702
50.614600602414661523
50.979908403321907429
51.346185825369772715
51.713411336893415182
52.081558854132623537
52.450600085001994444
52.820512866566097898
53.191273188119922111
53.562851532473864324
53.935223303223459368
54.308366139721748311
54.682251400582458700
55.056851917225785087
55.432145252078903752
55.808104502741315400
56.184701213322611579
56.561911894876686802
56.939710921459621318
57.318069485025915810
57.696963120416896231
58.076367150115430604
58.456252625850154914
58.836594038872007673
59.217367812456345177
59.598545366296882264
59.980099657832013804
60.362007885714874078
60.744242890166745497
61.126776149646900649
61.509584538000090959
61.892642927465878699
62.275922339483891221
62.659398396374427875
63.043047587018463673
63.426841638652284416
63.810754889509055943
64.194764634351145105
64.578843833841659716
64.962965983465821296
65.347108714497764481
65.731246362461391186
66.115351864747339050
66.499402897958304948
66.883375439313027755
67.267242161766489517
67.650980232121057156
68.034567443919229390
68.417976957311239516
68.801184872573230678
69.184170358060995909
69.566908018775478695
69.949372955217057779
70.331544818250876006
70.713400128490661700
71.094913649403693512
71.476064861609302170
71.856832074628641749
72.237190359033860432
72.617118812029161745
72.996597305125050070
73.375601635007882351
73.754110347534279413
74.132104690509365241
74.509561737946455651
