0.999978718023213808
0.999918555143535892
0.999821799192738614
0.999684008326554574
0.999504810420173806
0.999288328504590928
0.999033532259533619
0.998737496939405500
0.998401886303062702
0.998028581923114166
0.997616284486085081
0.997163912357773130
0.996672169663659235
0.996142532947275838
0.995574826072504138
0.994967027739902532
0.994319813626684312
0.993636238506777847
0.992914596402940330
0.992152026486073479
0.991352007215932085
0.990516738326877033
0.989641863385906650
0.988727106101879083
0.987777490715357254
0.986791594474406120
0.985765540392758322
0.984702546564007908
0.983605237881436500
0.982470386216729885
