0.999956633506836501
0.999851263946650692
0.999691833182802414
0.999448818624465440
0.999134523552552944
0.998768952047585978
0.998327034763182741
0.997807626026907646
0.997235309068840947
0.996593567547934822
0.995871992777345505
0.995094733620459859
0.994253498103815803
0.993331418654407772
0.992351033182980125
0.991312400234624524
0.990192450229614662
0.989009868411376059
0.987775686384919305
0.986462711326669517
0.985079924291157094
0.983650244732088286
0.982149248773393935
0.980571367986784237
0.978945970950548361
0.977259784156114475
0.975494005816422982
0.973675273866105195
0.971804660264396936
0.969857388110452523
