0.999966443080507861
0.999899545056706196
0.999801157062961243
0.999668590917230149
0.999500580232805302
0.999300172702311529
0.999068007289936277
0.998801035993928554
0.998499292080794798
0.998165966617097888
0.997800414673257308
0.997399740608959084
0.996965326982442668
0.996499905852259782
0.996001762362909715
0.995468595716250459
0.994902879135648788
0.994306532793844178
0.993676970843703211
0.993012993622048201
0.992317670946053498
0.991591822827913694
0.990832479246714914
0.990039723539805849
0.989216772329682859
0.988363185261216026
0.987476125965178420
0.986557020490851144
0.985608682118467860
0.984629488812944209
